author_id,created_at,text
105857,2026-04-29T18:35:00.049642+00:00,@AppleSupport I have the latest version iOS. It started immediately after I updated my phone.
AppleSupport,2026-04-29T18:35:00.134423+00:00,@105857 We'd like to help if we can. When did this start happening? Which version of iOS are you running currently?
105857,2026-04-29T18:35:00.219320+00:00,My apps stop working without warning and my phone freezes every five minutes! Love the new update @76099!!!!
HPSupport,2026-04-29T18:35:00.303607+00:00,"@105858 Hi Agoura, thanks for tweeting. Please refer to this article: https://t.co/BSsgjZARTc &amp; click the link to reply back. ^Rashmi https://t.co/a2xkfCrUG1"
105858,2026-04-29T18:35:00.388286+00:00,@HPSupport Problem with printhead  Serial# TH536D1HN #hpcswus #hpprnt
UPSHelp,2026-04-29T18:35:00.472704+00:00,@105859 UPS has a service called My Choice that will allow your packages to be delivered to UPS Store. ^ML  https://t.co/BPZKndqww1 https://t.co/wKJHDXWGRQ
105859,2026-04-29T18:35:00.557232+00:00,@105860 I wish Amazon had an option of where I can just get it shipped to the ups store so I can avoid a lot of the struggle
105860,2026-04-29T18:35:00.641516+00:00,They reschedule my shit for tomorrow https://t.co/RsvZcT982t
Tesco,2026-04-29T18:35:00.726047+00:00,"@105861 Hey Sara, sorry to hear of the issues you are having, can I ask if it's the lay out or just the speed of the website responding? TY - Chris"
105861,2026-04-29T18:35:00.810434+00:00,@Tesco bit of both - finding the layout cumbersome and when removing an item from faves - getting a huge slowdown. Not keen on the thin green line https://t.co/9281OKEebk
Tesco,2026-04-29T18:35:00.895344+00:00,"@105861 If that doesn't help please DM your full name, address and email including the browser and device so we can log this. Thanks - Lee 2/2"
105834,2026-04-29T18:35:00.980274+00:00,@AppleSupport causing the reply to be disregarded and the tapped notification under the keyboard is opened😡😡😡
ChaseSupport,2026-04-29T18:35:01.064841+00:00,"@105835 Your business means a lot to us. Please DM your name, zip code and additional details about your concern. ^RR https://t.co/znUu1VJn9r"
105835,2026-04-29T18:35:01.149343+00:00,@76328 I really hope you all change but I'm sure you won't! Because you don't have to!
VirginTrains,2026-04-29T18:35:01.234065+00:00,"@105836 LiveChat is online at the moment - https://t.co/SY94VtU8Kq or contact 03331 031 031 option 1, 4, 3 (Leave a message) to request a call back"
105836,2026-04-29T18:35:01.318648+00:00,@VirginTrains see attached error message. I've tried leaving a voicemail several times in the past week https://t.co/NxVZjlYx1k
VirginTrains,2026-04-29T18:35:01.403071+00:00,"@105836 Have you tried from another device, Miriam ^MM"
105836,2026-04-29T18:35:01.487663+00:00,"@VirginTrains yep, I've tried laptop too several times over the past week and again today. I've tried different browsers too"
VirginTrains,2026-04-29T18:35:01.572601+00:00,"@105836 It's working OK from here, Miriam. Does this link help https://t.co/0m2mpH15eh ? ^MM"
105836,2026-04-29T18:35:01.657607+00:00,@VirginTrains I still haven't heard &amp; the number I'm directed to by phone is a dead end &amp; the live chat doesn't work. Can someone call me?
VirginTrains,2026-04-29T18:35:01.742810+00:00,@105836 That's what we're here for Miriam 😊  The team should send you an email shortly ^HP
AppleSupport,2026-04-29T18:35:01.828029+00:00,@105837 We can help. Which version of iOS are you on? You can find that in Settings &gt; General &gt; About. Reply in DM. https://t.co/GDrqU22YpT
105837,2026-04-29T18:35:01.913089+00:00,"@105838 @AppleSupport Me too am suffering , hope the can find a solution"
105838,2026-04-29T18:35:01.997898+00:00,"@AppleSupport hi #apple, I’ve a concern about the latest ios is too slow on #iphone6 and i am not happy with it. Any solution please?"
AppleSupport,2026-04-29T18:35:02.082630+00:00,@105839 Thanks for reaching out to us. We are always happy to help. Send us a DM so we can look into this together. https://t.co/GDrqU22YpT
105839,2026-04-29T18:35:02.167214+00:00,I just updated my phone and suddenly everything takes ages to load wtf @76099 this update sux I hate it fix it bye
SpotifyCares,2026-04-29T18:35:02.251815+00:00,"@105840 Hi there! What device is this happening on? If you could also let us know the Android and Spotify versions you're using, that'd be great /AY"
105840,2026-04-29T18:35:02.336458+00:00,@SpotifyCares Thanks! Version 8.4.22.857 armv7 on anker bluetooth speaker on Samsung Galaxy Tab A (2016) Model SM-T280 Does distance from speaker matter?
SpotifyCares,2026-04-29T18:35:02.420813+00:00,@105840 Thanks. The distance could possibly affect playback. Does logging out &gt; restarting your device &gt; logging back in make a difference? /AY
105840,2026-04-29T18:35:02.505361+00:00,"@SpotifyCares No, but I've moved speaker to about 1 metre away and it's not skipping at the mo - it was about 3 or 4 metres away before. Fingers crossed!"
SpotifyCares,2026-04-29T18:35:02.590609+00:00,"@105840 That's great to hear. If anything comes up, just let us know. We'll carry on helping out 🙂 /AY"
105840,2026-04-29T18:35:02.675365+00:00,@SpotifyCares Brilliant thanks 😊
SpotifyCares,2026-04-29T18:35:02.760124+00:00,"@105840 You're welcome! If there's anything else we can help with, just give us a shout. We're here for you 😉 /CP"
105840,2026-04-29T18:35:02.844790+00:00,@76495 @91226 Please help! Spotify Premium skipping through songs constantly on android tablet &amp; bluetooth speaker. Tried everything!
AppleSupport,2026-04-29T18:35:02.930015+00:00,@105841 We'd love to help! Please DM us and let us know any steps you've tried since experiencing these behaviors. https://t.co/GDrqU22YpT
105841,2026-04-29T18:35:03.014693+00:00,"@AppleSupport after the 11.0.2 my phone just sucks most of the apps are broken, wifi disconnects frequently #apple #ios1102 #painfulupdate"
British_Airways,2026-04-29T18:35:03.099562+00:00,"@105842 We're sorry your flight has been delayed, Beatner. Are you travelling on the BA8733? If so, the updated departure time we have is 15:30. 1/2"
105842,2026-04-29T18:35:03.184228+00:00,First flight for long time with @British_Airways. Now over one 1h delay for the short jump FRA-LCY and NO one here to provide status updates
AppleSupport,2026-04-29T18:35:03.268985+00:00,"@105843 Battery life is important, and we're here for you. DM us the iOS version your iPhone is running. We'll go from there. https://t.co/GDrqU22YpT"
105843,2026-04-29T18:35:03.354159+00:00,Okay @76099 I used my fucking phone for 2 minutes and it drains it down 8 fucking percent
AppleSupport,2026-04-29T18:35:03.439256+00:00,@105844 Thanks for reaching out to us. We are always happy to help. Send us a DM so we can look into this together. https://t.co/GDrqU22YpT
105844,2026-04-29T18:35:03.523953+00:00,"@AppleSupport Can you get my iPhone 7plus back on the old iOS please?  Battery runs out in half the time, apps now frequently crash."
AppleSupport,2026-04-29T18:35:03.608670+00:00,@105844 We'd be happy to help. Send us a DM and we can start there. https://t.co/GDrqU22YpT
105844,2026-04-29T18:35:03.693792+00:00,You’ve paralysed my phone with your update @76099 grrrrrrrrrr
O2,2026-04-29T18:35:03.778979+00:00,"@82476 🤔 We'd like to help Sam, which number is calling you? Please DM us more info so we can advise further. https://t.co/5pyLDJBC6r"
82476,2026-04-29T18:35:03.864005+00:00,"@O2 I received this a few weeks ago, since then I've been getting 2/3 calls a day from a telemarketer. Is someone using your name? https://t.co/GLtz4XHcex"
comcastcares,2026-04-29T18:35:03.950273+00:00,"@105845 I understand this is a frustrating experience, please send a DM with your account information so I can look into this matter for you. -AD"
105845,2026-04-29T18:35:04.035450+00:00,"My internet is down and xfinity talkin about 24-72 hours... y’all have the game messed up. 

@77245"
sprintcare,2026-04-29T18:35:04.120501+00:00,@105676 I understand how you frustrated this situation can be. Please follow us by sending a DM for further assistance. Sprint Cares. -AC
105676,2026-04-29T18:35:04.205332+00:00,@76803  I service last 40 min sprint can I get a refund https://t.co/wYPw9hP6wt
AppleSupport,2026-04-29T18:35:04.291386+00:00,@105846 We'd like to help. What happens when you try to listen to Apple Music &amp; use WhatsApp? Does the music pause? Let us know in DM. https://t.co/GDrqU22YpT
105846,2026-04-29T18:35:04.375987+00:00,So the new @76099 update does not let me listen to music and go on whatsapp at the same time?!?
SpotifyCares,2026-04-29T18:35:04.461069+00:00,@105847 Hi Harry! Help's here. Can you check if logging out &gt; restarting your device &gt; logging back in makes a difference? Keep us posted /MU
105847,2026-04-29T18:35:04.444657+00:00,@SpotifyCares seems to be working at this stage. Will let you know if it happens again. Cheers
SpotifyCares,2026-04-29T18:35:04.529869+00:00,@105847 Sure thing. We'll keep an eye out for your update /MU
105847,2026-04-29T18:35:04.614922+00:00,@SpotifyCares problem has come back again today. is there some kind of bug?
SpotifyCares,2026-04-29T18:35:04.700636+00:00,"@105847 Thanks for giving us a nudge about this. What device, operating system, and Spotify version is this happening on? /AY"
105847,2026-04-29T18:35:04.785162+00:00,"@SpotifyCares It's on a Macbook Air (early 2014), running High Sierra, spotify version 1.0.65.320.gac7a8e02"
SpotifyCares,2026-04-29T18:35:04.869670+00:00,@105847 Got it. Can you try the steps here for us: https://t.co/EqisDMwZAT? They should help with this. Let us know how it plays out /AY
105847,2026-04-29T18:35:04.954164+00:00,@SpotifyCares i've been having issues with playback. songs have been stopping midway through and won't restart unless i close and reopen app
AppleSupport,2026-04-29T18:35:05.038596+00:00,@105848 Let's take a look. What is the exact iOS you're using? Are you using any specific apps when noticing this? DM us your reply. https://t.co/GDrqU22YpT
105848,2026-04-29T18:35:05.123372+00:00,@AppleSupport Latest version 😡😡 I have read the help page turned off virtually all apps and location svs too - but in typing this I dropped 3% life
105848,2026-04-29T18:35:05.208064+00:00,@AppleSupport Super help - problem solved 😀 once again in love with Apple
105848,2026-04-29T18:35:05.293033+00:00,@AppleSupport #ios11update - is still killing my battery within 12 hours - phone is 10 months old - it’s a disgrace - used to get 2 days
AppleSupport,2026-04-29T18:35:05.377003+00:00,@105849 Thanks for reaching out to us. We are always happy to help. Send us a DM so we can look into this together. https://t.co/GDrqU22YpT
105849,2026-04-29T18:35:05.461034+00:00,"Took my phone off charge at 7:20am.

8:03am - 60% battery remaining.

@76099 plz I beg you, sort your battery life out😩"
SouthwestAir,2026-04-29T18:35:05.545039+00:00,"@105850 Once the points load and you hit the number, you get it immediately! You'll even receive a congrats email. Are you almost there? ^AC"
105850,2026-04-29T18:35:05.629548+00:00,@SouthwestAir I am! Thank you for the answer!!
105850,2026-04-29T18:35:05.714484+00:00,@southwestair Just curious....will I get the companion pass the exact moment I get enough points? It will I have to wait? Thanks!
AppleSupport,2026-04-29T18:35:05.799425+00:00,@105851 We'd like to provide some assistance with this. Tell us more about the issue you're experiencing in DM. We'll go from there. https://t.co/GDrqU22YpT
105851,2026-04-29T18:35:05.884630+00:00,@AppleSupport I need a new code for my I-store. I haven’t recd any but msg is too many sent. Help!
AppleSupport,2026-04-29T18:35:05.970983+00:00,"@105852 Are you experiencing an issue with your device? If so, DM us with what's going on. We'll see how we can help from there. https://t.co/GDrqU22YpT"
105852,2026-04-29T18:35:06.055888+00:00,@76099 @AppleSupport fix this update. It’s horrible
British_Airways,2026-04-29T18:35:06.141103+00:00,"@105842 I appreciate it's after 15:30 now, so hopefully you will depart very soon. We're sorry for any inconvenience the delay has caused. 2/2 ^JR"
105842,2026-04-29T18:35:06.225906+00:00,"@British_Airways Thanks for your answer. Response onsite was that Aircraft will not depart today, so rebooking to @105853 with now 4h delay..."
British_Airways,2026-04-29T18:35:06.310457+00:00,@105842 Very sorry to hear this.  We hope you get everything sorted.   Kind Regards ^Jools
Ask_Spectrum,2026-04-29T18:35:06.394912+00:00,"@105854 I am sorry for the poor experience. Can you please DM the full service address and name on the account, as we ass... https://t.co/JEZhqGdBMd"
105854,2026-04-29T18:35:06.479477+00:00,@Ask_Spectrum It's just in my yard. I've called 4-5 times in 6 weeks. I'm not a customer but it's pretty tempting. I do have some coaxial
105854,2026-04-29T18:35:06.565064+00:00,@76501 I guess this means free cable for the neighborhood. https://t.co/FBgEE9YXPm
Tesco,2026-04-29T18:35:06.649735+00:00,"@105855 Hi Thomas, if a colleague believes the person buying alcohol looks under 25, they will be challenged for ID to prove they're of age. - Paige"
105855,2026-04-29T18:35:06.735472+00:00,@Tesco Maybe hire colleagues who can see?
105855,2026-04-29T18:35:06.820380+00:00,@Tesco The point is if it's enforced they do it properly or they don't. Plus take some common-sense and think does that person look over 18?
Tesco,2026-04-29T18:35:06.905065+00:00,"@105855 Hi Thomas, this is correct but this helps our store colleagues judge age and protect them from making underage sales. Amanda"
105855,2026-04-29T18:35:06.989569+00:00,@Tesco Uk offlicense law is 18. Not 25
Tesco,2026-04-29T18:35:07.075565+00:00,"@105855 Hi Thomas, we operate a Think 25 policy at our stores. I'd be flattered to be ID'd. :-) - Helena"
105855,2026-04-29T18:35:07.160448+00:00,Got id's @Tesco for buying one Adnams Broadside. Is being blind part of the job-spec? I am 35 and 99 kilos.
Tesco,2026-04-29T18:35:07.245925+00:00,"@105856 Hi there, could you try deleting your cache and cookies and reinstalling the app if using it? This should fix the issue :) - Dani"
105856,2026-04-29T18:35:07.330582+00:00,@Tesco Will I lose all the shopping I've done if I delete the cache/cookies (not using app)?
Tesco,2026-04-29T18:35:07.415047+00:00,"@105856 Hi there, as long as you sign out of your account prior to deleting your cache &amp; cookies, you'll still have a full basket :) Thanks - Mike"
105856,2026-04-29T18:35:07.499607+00:00,@Tesco Done all that. Still telling me there are no delivery slots whatsoever.
Tesco,2026-04-29T18:35:07.584549+00:00,"@105856 Can you DM me your full name, address and email? I'd be happy to look into this further for you :) Thanks - Mike"
105856,2026-04-29T18:35:07.669133+00:00,"Hey @Tesco, your website's broken. It's telling me there are no delivery slots for the next 3 weeks, which I find slightly unlikely."
AppleSupport,2026-04-29T18:35:07.753869+00:00,@105857 Is there a particular app that seems to cause these issues more than others? What model iPhone are you using? Join us in DM. https://t.co/GDrqU22YpT
105857,2026-04-29T18:35:07.838310+00:00,@AppleSupport I have the latest version iOS. It started immediately after I updated my phone.
AppleSupport,2026-04-29T18:35:07.923669+00:00,@105857 We'd like to help if we can. When did this start happening? Which version of iOS are you running currently?
105857,2026-04-29T18:35:08.009117+00:00,My apps stop working without warning and my phone freezes every five minutes! Love the new update @76099!!!!
HPSupport,2026-04-29T18:35:08.093712+00:00,"@105858 Hi Agoura, thanks for tweeting. Please refer to this article: https://t.co/BSsgjZARTc &amp; click the link to reply back. ^Rashmi https://t.co/a2xkfCrUG1"
105858,2026-04-29T18:35:08.179197+00:00,@HPSupport Problem with printhead  Serial# TH536D1HN #hpcswus #hpprnt
UPSHelp,2026-04-29T18:35:08.263784+00:00,@105859 UPS has a service called My Choice that will allow your packages to be delivered to UPS Store. ^ML  https://t.co/BPZKndqww1 https://t.co/wKJHDXWGRQ
105859,2026-04-29T18:35:08.349516+00:00,@105860 I wish Amazon had an option of where I can just get it shipped to the ups store so I can avoid a lot of the struggle
105860,2026-04-29T18:35:08.434610+00:00,They reschedule my shit for tomorrow https://t.co/RsvZcT982t
Tesco,2026-04-29T18:35:08.519833+00:00,"@105861 Hey Sara, sorry to hear of the issues you are having, can I ask if it's the lay out or just the speed of the website responding? TY - Chris"
105861,2026-04-29T18:35:08.605454+00:00,@Tesco bit of both - finding the layout cumbersome and when removing an item from faves - getting a huge slowdown. Not keen on the thin green line https://t.co/9281OKEebk
Tesco,2026-04-29T18:35:08.690030+00:00,"@105861 If that doesn't help please DM your full name, address and email including the browser and device so we can log this. Thanks - Lee 2/2"
105834,2026-04-29T18:35:08.774993+00:00,@AppleSupport causing the reply to be disregarded and the tapped notification under the keyboard is opened😡😡😡
ChaseSupport,2026-04-29T18:35:08.859350+00:00,"@105835 Your business means a lot to us. Please DM your name, zip code and additional details about your concern. ^RR https://t.co/znUu1VJn9r"
105835,2026-04-29T18:35:08.943725+00:00,@76328 I really hope you all change but I'm sure you won't! Because you don't have to!
VirginTrains,2026-04-29T18:35:09.028392+00:00,"@105836 LiveChat is online at the moment - https://t.co/SY94VtU8Kq or contact 03331 031 031 option 1, 4, 3 (Leave a message) to request a call back"
105836,2026-04-29T18:35:09.112790+00:00,@VirginTrains see attached error message. I've tried leaving a voicemail several times in the past week https://t.co/NxVZjlYx1k
VirginTrains,2026-04-29T18:35:09.198363+00:00,"@105836 Have you tried from another device, Miriam ^MM"
105836,2026-04-29T18:35:09.282840+00:00,"@VirginTrains yep, I've tried laptop too several times over the past week and again today. I've tried different browsers too"
VirginTrains,2026-04-29T18:35:09.367411+00:00,"@105836 It's working OK from here, Miriam. Does this link help https://t.co/0m2mpH15eh ? ^MM"
105836,2026-04-29T18:35:09.452476+00:00,@VirginTrains I still haven't heard &amp; the number I'm directed to by phone is a dead end &amp; the live chat doesn't work. Can someone call me?
VirginTrains,2026-04-29T18:35:09.537718+00:00,@105836 That's what we're here for Miriam 😊  The team should send you an email shortly ^HP
AppleSupport,2026-04-29T18:35:09.623659+00:00,@105837 We can help. Which version of iOS are you on? You can find that in Settings &gt; General &gt; About. Reply in DM. https://t.co/GDrqU22YpT
105837,2026-04-29T18:35:09.708451+00:00,"@105838 @AppleSupport Me too am suffering , hope the can find a solution"
105838,2026-04-29T18:35:09.792894+00:00,"@AppleSupport hi #apple, I’ve a concern about the latest ios is too slow on #iphone6 and i am not happy with it. Any solution please?"
AppleSupport,2026-04-29T18:35:09.877227+00:00,@105839 Thanks for reaching out to us. We are always happy to help. Send us a DM so we can look into this together. https://t.co/GDrqU22YpT
105839,2026-04-29T18:35:09.961862+00:00,I just updated my phone and suddenly everything takes ages to load wtf @76099 this update sux I hate it fix it bye
SpotifyCares,2026-04-29T18:35:10.046329+00:00,"@105840 Hi there! What device is this happening on? If you could also let us know the Android and Spotify versions you're using, that'd be great /AY"
105840,2026-04-29T18:35:10.130822+00:00,@SpotifyCares Thanks! Version 8.4.22.857 armv7 on anker bluetooth speaker on Samsung Galaxy Tab A (2016) Model SM-T280 Does distance from speaker matter?
SpotifyCares,2026-04-29T18:35:10.215310+00:00,@105840 Thanks. The distance could possibly affect playback. Does logging out &gt; restarting your device &gt; logging back in make a difference? /AY
105840,2026-04-29T18:35:10.300334+00:00,"@SpotifyCares No, but I've moved speaker to about 1 metre away and it's not skipping at the mo - it was about 3 or 4 metres away before. Fingers crossed!"
SpotifyCares,2026-04-29T18:35:10.385132+00:00,"@105840 That's great to hear. If anything comes up, just let us know. We'll carry on helping out 🙂 /AY"
105840,2026-04-29T18:35:10.470105+00:00,@SpotifyCares Brilliant thanks 😊
SpotifyCares,2026-04-29T18:35:10.555047+00:00,"@105840 You're welcome! If there's anything else we can help with, just give us a shout. We're here for you 😉 /CP"
105840,2026-04-29T18:35:10.640670+00:00,@76495 @91226 Please help! Spotify Premium skipping through songs constantly on android tablet &amp; bluetooth speaker. Tried everything!
AppleSupport,2026-04-29T18:35:10.725958+00:00,@105841 We'd love to help! Please DM us and let us know any steps you've tried since experiencing these behaviors. https://t.co/GDrqU22YpT
105841,2026-04-29T18:35:10.810643+00:00,"@AppleSupport after the 11.0.2 my phone just sucks most of the apps are broken, wifi disconnects frequently #apple #ios1102 #painfulupdate"
British_Airways,2026-04-29T18:35:10.894911+00:00,"@105842 We're sorry your flight has been delayed, Beatner. Are you travelling on the BA8733? If so, the updated departure time we have is 15:30. 1/2"
105842,2026-04-29T18:35:10.978770+00:00,First flight for long time with @British_Airways. Now over one 1h delay for the short jump FRA-LCY and NO one here to provide status updates
AppleSupport,2026-04-29T18:35:11.062623+00:00,"@105843 Battery life is important, and we're here for you. DM us the iOS version your iPhone is running. We'll go from there. https://t.co/GDrqU22YpT"
105843,2026-04-29T18:35:11.146815+00:00,Okay @76099 I used my fucking phone for 2 minutes and it drains it down 8 fucking percent
AppleSupport,2026-04-29T18:35:11.232647+00:00,@105844 Thanks for reaching out to us. We are always happy to help. Send us a DM so we can look into this together. https://t.co/GDrqU22YpT
105844,2026-04-29T18:35:11.317442+00:00,"@AppleSupport Can you get my iPhone 7plus back on the old iOS please?  Battery runs out in half the time, apps now frequently crash."
AppleSupport,2026-04-29T18:35:11.402288+00:00,@105844 We'd be happy to help. Send us a DM and we can start there. https://t.co/GDrqU22YpT
105844,2026-04-29T18:35:11.486772+00:00,You’ve paralysed my phone with your update @76099 grrrrrrrrrr
O2,2026-04-29T18:35:11.572606+00:00,"@82476 🤔 We'd like to help Sam, which number is calling you? Please DM us more info so we can advise further. https://t.co/5pyLDJBC6r"
82476,2026-04-29T18:35:11.657163+00:00,"@O2 I received this a few weeks ago, since then I've been getting 2/3 calls a day from a telemarketer. Is someone using your name? https://t.co/GLtz4XHcex"
comcastcares,2026-04-29T18:35:11.741885+00:00,"@105845 I understand this is a frustrating experience, please send a DM with your account information so I can look into this matter for you. -AD"
105845,2026-04-29T18:35:11.826845+00:00,"My internet is down and xfinity talkin about 24-72 hours... y’all have the game messed up. 

@77245"
sprintcare,2026-04-29T18:35:11.911538+00:00,@105676 I understand how you frustrated this situation can be. Please follow us by sending a DM for further assistance. Sprint Cares. -AC
105676,2026-04-29T18:35:11.996004+00:00,@76803  I service last 40 min sprint can I get a refund https://t.co/wYPw9hP6wt
AppleSupport,2026-04-29T18:35:12.080595+00:00,@105846 We'd like to help. What happens when you try to listen to Apple Music &amp; use WhatsApp? Does the music pause? Let us know in DM. https://t.co/GDrqU22YpT
105846,2026-04-29T18:35:12.164958+00:00,So the new @76099 update does not let me listen to music and go on whatsapp at the same time?!?
SpotifyCares,2026-04-29T18:35:12.249579+00:00,@105847 Hi Harry! Help's here. Can you check if logging out &gt; restarting your device &gt; logging back in makes a difference? Keep us posted /MU
105847,2026-04-29T18:35:12.333987+00:00,@SpotifyCares seems to be working at this stage. Will let you know if it happens again. Cheers
SpotifyCares,2026-04-29T18:35:12.418744+00:00,@105847 Sure thing. We'll keep an eye out for your update /MU
105847,2026-04-29T18:35:12.502924+00:00,@SpotifyCares problem has come back again today. is there some kind of bug?
SpotifyCares,2026-04-29T18:35:12.587273+00:00,"@105847 Thanks for giving us a nudge about this. What device, operating system, and Spotify version is this happening on? /AY"
105847,2026-04-29T18:35:12.671679+00:00,"@SpotifyCares It's on a Macbook Air (early 2014), running High Sierra, spotify version 1.0.65.320.gac7a8e02"
SpotifyCares,2026-04-29T18:35:12.756067+00:00,@105847 Got it. Can you try the steps here for us: https://t.co/EqisDMwZAT? They should help with this. Let us know how it plays out /AY
105847,2026-04-29T18:35:12.840494+00:00,@SpotifyCares i've been having issues with playback. songs have been stopping midway through and won't restart unless i close and reopen app
AppleSupport,2026-04-29T18:35:12.925050+00:00,@105848 Let's take a look. What is the exact iOS you're using? Are you using any specific apps when noticing this? DM us your reply. https://t.co/GDrqU22YpT
105848,2026-04-29T18:35:13.009256+00:00,@AppleSupport Latest version 😡😡 I have read the help page turned off virtually all apps and location svs too - but in typing this I dropped 3% life
105848,2026-04-29T18:35:13.093482+00:00,@AppleSupport Super help - problem solved 😀 once again in love with Apple
105848,2026-04-29T18:35:13.177568+00:00,@AppleSupport #ios11update - is still killing my battery within 12 hours - phone is 10 months old - it’s a disgrace - used to get 2 days
AppleSupport,2026-04-29T18:35:13.261641+00:00,@105849 Thanks for reaching out to us. We are always happy to help. Send us a DM so we can look into this together. https://t.co/GDrqU22YpT
105849,2026-04-29T18:35:13.345838+00:00,"Took my phone off charge at 7:20am.

8:03am - 60% battery remaining.

@76099 plz I beg you, sort your battery life out😩"
SouthwestAir,2026-04-29T18:35:13.429954+00:00,"@105850 Once the points load and you hit the number, you get it immediately! You'll even receive a congrats email. Are you almost there? ^AC"
105850,2026-04-29T18:35:13.514080+00:00,@SouthwestAir I am! Thank you for the answer!!
105850,2026-04-29T18:35:13.599714+00:00,@southwestair Just curious....will I get the companion pass the exact moment I get enough points? It will I have to wait? Thanks!
AppleSupport,2026-04-29T18:35:13.684085+00:00,@105851 We'd like to provide some assistance with this. Tell us more about the issue you're experiencing in DM. We'll go from there. https://t.co/GDrqU22YpT
105851,2026-04-29T18:35:13.768582+00:00,@AppleSupport I need a new code for my I-store. I haven’t recd any but msg is too many sent. Help!
AppleSupport,2026-04-29T18:35:13.852902+00:00,"@105852 Are you experiencing an issue with your device? If so, DM us with what's going on. We'll see how we can help from there. https://t.co/GDrqU22YpT"
105852,2026-04-29T18:35:13.937021+00:00,@76099 @AppleSupport fix this update. It’s horrible
British_Airways,2026-04-29T18:35:14.021213+00:00,"@105842 I appreciate it's after 15:30 now, so hopefully you will depart very soon. We're sorry for any inconvenience the delay has caused. 2/2 ^JR"
105842,2026-04-29T18:35:14.105358+00:00,"@British_Airways Thanks for your answer. Response onsite was that Aircraft will not depart today, so rebooking to @105853 with now 4h delay..."
British_Airways,2026-04-29T18:35:14.189670+00:00,@105842 Very sorry to hear this.  We hope you get everything sorted.   Kind Regards ^Jools
Ask_Spectrum,2026-04-29T18:35:14.273955+00:00,"@105854 I am sorry for the poor experience. Can you please DM the full service address and name on the account, as we ass... https://t.co/JEZhqGdBMd"
105854,2026-04-29T18:35:14.357910+00:00,@Ask_Spectrum It's just in my yard. I've called 4-5 times in 6 weeks. I'm not a customer but it's pretty tempting. I do have some coaxial
105854,2026-04-29T18:35:14.441924+00:00,@76501 I guess this means free cable for the neighborhood. https://t.co/FBgEE9YXPm
Tesco,2026-04-29T18:35:14.526289+00:00,"@105855 Hi Thomas, if a colleague believes the person buying alcohol looks under 25, they will be challenged for ID to prove they're of age. - Paige"
105855,2026-04-29T18:35:14.610553+00:00,@Tesco Maybe hire colleagues who can see?
105855,2026-04-29T18:35:14.694502+00:00,@Tesco The point is if it's enforced they do it properly or they don't. Plus take some common-sense and think does that person look over 18?
Tesco,2026-04-29T18:35:14.778505+00:00,"@105855 Hi Thomas, this is correct but this helps our store colleagues judge age and protect them from making underage sales. Amanda"
105855,2026-04-29T18:35:14.862718+00:00,@Tesco Uk offlicense law is 18. Not 25
Tesco,2026-04-29T18:35:14.946933+00:00,"@105855 Hi Thomas, we operate a Think 25 policy at our stores. I'd be flattered to be ID'd. :-) - Helena"
105855,2026-04-29T18:35:15.031385+00:00,Got id's @Tesco for buying one Adnams Broadside. Is being blind part of the job-spec? I am 35 and 99 kilos.
Tesco,2026-04-29T18:35:15.115444+00:00,"@105856 Hi there, could you try deleting your cache and cookies and reinstalling the app if using it? This should fix the issue :) - Dani"
105856,2026-04-29T18:35:15.199637+00:00,@Tesco Will I lose all the shopping I've done if I delete the cache/cookies (not using app)?
Tesco,2026-04-29T18:35:15.283887+00:00,"@105856 Hi there, as long as you sign out of your account prior to deleting your cache &amp; cookies, you'll still have a full basket :) Thanks - Mike"
105856,2026-04-29T18:35:15.367884+00:00,@Tesco Done all that. Still telling me there are no delivery slots whatsoever.
Tesco,2026-04-29T18:35:15.452056+00:00,"@105856 Can you DM me your full name, address and email? I'd be happy to look into this further for you :) Thanks - Mike"
105856,2026-04-29T18:35:15.536377+00:00,"Hey @Tesco, your website's broken. It's telling me there are no delivery slots for the next 3 weeks, which I find slightly unlikely."
AppleSupport,2026-04-29T18:35:15.620429+00:00,@105857 Is there a particular app that seems to cause these issues more than others? What model iPhone are you using? Join us in DM. https://t.co/GDrqU22YpT
105857,2026-04-29T18:35:15.704617+00:00,@AppleSupport I have the latest version iOS. It started immediately after I updated my phone.
AppleSupport,2026-04-29T18:35:15.788786+00:00,@105857 We'd like to help if we can. When did this start happening? Which version of iOS are you running currently?
105857,2026-04-29T18:35:15.872991+00:00,My apps stop working without warning and my phone freezes every five minutes! Love the new update @76099!!!!
HPSupport,2026-04-29T18:35:15.957252+00:00,"@105858 Hi Agoura, thanks for tweeting. Please refer to this article: https://t.co/BSsgjZARTc &amp; click the link to reply back. ^Rashmi https://t.co/a2xkfCrUG1"
105858,2026-04-29T18:35:16.041492+00:00,@HPSupport Problem with printhead  Serial# TH536D1HN #hpcswus #hpprnt
UPSHelp,2026-04-29T18:35:16.125552+00:00,@105859 UPS has a service called My Choice that will allow your packages to be delivered to UPS Store. ^ML  https://t.co/BPZKndqww1 https://t.co/wKJHDXWGRQ
105859,2026-04-29T18:35:16.209781+00:00,@105860 I wish Amazon had an option of where I can just get it shipped to the ups store so I can avoid a lot of the struggle
105860,2026-04-29T18:35:16.293839+00:00,They reschedule my shit for tomorrow https://t.co/RsvZcT982t
Tesco,2026-04-29T18:35:16.377938+00:00,"@105861 Hey Sara, sorry to hear of the issues you are having, can I ask if it's the lay out or just the speed of the website responding? TY - Chris"
105861,2026-04-29T18:35:16.461845+00:00,@Tesco bit of both - finding the layout cumbersome and when removing an item from faves - getting a huge slowdown. Not keen on the thin green line https://t.co/9281OKEebk
Tesco,2026-04-29T18:35:16.546005+00:00,"@105861 If that doesn't help please DM your full name, address and email including the browser and device so we can log this. Thanks - Lee 2/2"
105834,2026-04-29T18:35:16.630584+00:00,@AppleSupport causing the reply to be disregarded and the tapped notification under the keyboard is opened😡😡😡
ChaseSupport,2026-04-29T18:35:16.714773+00:00,"@105835 Your business means a lot to us. Please DM your name, zip code and additional details about your concern. ^RR https://t.co/znUu1VJn9r"
105835,2026-04-29T18:35:16.798954+00:00,@76328 I really hope you all change but I'm sure you won't! Because you don't have to!
VirginTrains,2026-04-29T18:35:16.883152+00:00,"@105836 LiveChat is online at the moment - https://t.co/SY94VtU8Kq or contact 03331 031 031 option 1, 4, 3 (Leave a message) to request a call back"
105836,2026-04-29T18:35:16.967123+00:00,@VirginTrains see attached error message. I've tried leaving a voicemail several times in the past week https://t.co/NxVZjlYx1k
VirginTrains,2026-04-29T18:35:17.051245+00:00,"@105836 Have you tried from another device, Miriam ^MM"
105836,2026-04-29T18:35:17.135508+00:00,"@VirginTrains yep, I've tried laptop too several times over the past week and again today. I've tried different browsers too"
VirginTrains,2026-04-29T18:35:17.219795+00:00,"@105836 It's working OK from here, Miriam. Does this link help https://t.co/0m2mpH15eh ? ^MM"
105836,2026-04-29T18:35:17.303957+00:00,@VirginTrains I still haven't heard &amp; the number I'm directed to by phone is a dead end &amp; the live chat doesn't work. Can someone call me?
VirginTrains,2026-04-29T18:35:17.388430+00:00,@105836 That's what we're here for Miriam 😊  The team should send you an email shortly ^HP
AppleSupport,2026-04-29T18:35:17.472685+00:00,@105837 We can help. Which version of iOS are you on? You can find that in Settings &gt; General &gt; About. Reply in DM. https://t.co/GDrqU22YpT
105837,2026-04-29T18:35:17.556997+00:00,"@105838 @AppleSupport Me too am suffering , hope the can find a solution"
105838,2026-04-29T18:35:17.641112+00:00,"@AppleSupport hi #apple, I’ve a concern about the latest ios is too slow on #iphone6 and i am not happy with it. Any solution please?"
AppleSupport,2026-04-29T18:35:17.725392+00:00,@105839 Thanks for reaching out to us. We are always happy to help. Send us a DM so we can look into this together. https://t.co/GDrqU22YpT
105839,2026-04-29T18:35:17.809541+00:00,I just updated my phone and suddenly everything takes ages to load wtf @76099 this update sux I hate it fix it bye
SpotifyCares,2026-04-29T18:35:17.893814+00:00,"@105840 Hi there! What device is this happening on? If you could also let us know the Android and Spotify versions you're using, that'd be great /AY"
105840,2026-04-29T18:35:17.977896+00:00,@SpotifyCares Thanks! Version 8.4.22.857 armv7 on anker bluetooth speaker on Samsung Galaxy Tab A (2016) Model SM-T280 Does distance from speaker matter?
SpotifyCares,2026-04-29T18:35:18.062193+00:00,@105840 Thanks. The distance could possibly affect playback. Does logging out &gt; restarting your device &gt; logging back in make a difference? /AY
105840,2026-04-29T18:35:18.146417+00:00,"@SpotifyCares No, but I've moved speaker to about 1 metre away and it's not skipping at the mo - it was about 3 or 4 metres away before. Fingers crossed!"
SpotifyCares,2026-04-29T18:35:18.230529+00:00,"@105840 That's great to hear. If anything comes up, just let us know. We'll carry on helping out 🙂 /AY"
105840,2026-04-29T18:35:18.314748+00:00,@SpotifyCares Brilliant thanks 😊
SpotifyCares,2026-04-29T18:35:18.398996+00:00,"@105840 You're welcome! If there's anything else we can help with, just give us a shout. We're here for you 😉 /CP"
105840,2026-04-29T18:35:18.483052+00:00,@76495 @91226 Please help! Spotify Premium skipping through songs constantly on android tablet &amp; bluetooth speaker. Tried everything!
AppleSupport,2026-04-29T18:35:18.567218+00:00,@105841 We'd love to help! Please DM us and let us know any steps you've tried since experiencing these behaviors. https://t.co/GDrqU22YpT
105841,2026-04-29T18:35:18.651496+00:00,"@AppleSupport after the 11.0.2 my phone just sucks most of the apps are broken, wifi disconnects frequently #apple #ios1102 #painfulupdate"
British_Airways,2026-04-29T18:35:18.735781+00:00,"@105842 We're sorry your flight has been delayed, Beatner. Are you travelling on the BA8733? If so, the updated departure time we have is 15:30. 1/2"
105842,2026-04-29T18:35:18.820054+00:00,First flight for long time with @British_Airways. Now over one 1h delay for the short jump FRA-LCY and NO one here to provide status updates
AppleSupport,2026-04-29T18:35:18.904427+00:00,"@105843 Battery life is important, and we're here for you. DM us the iOS version your iPhone is running. We'll go from there. https://t.co/GDrqU22YpT"
105843,2026-04-29T18:35:18.988890+00:00,Okay @76099 I used my fucking phone for 2 minutes and it drains it down 8 fucking percent
AppleSupport,2026-04-29T18:35:19.073000+00:00,@105844 Thanks for reaching out to us. We are always happy to help. Send us a DM so we can look into this together. https://t.co/GDrqU22YpT
105844,2026-04-29T18:35:19.157197+00:00,"@AppleSupport Can you get my iPhone 7plus back on the old iOS please?  Battery runs out in half the time, apps now frequently crash."
AppleSupport,2026-04-29T18:35:19.241408+00:00,@105844 We'd be happy to help. Send us a DM and we can start there. https://t.co/GDrqU22YpT
105844,2026-04-29T18:35:19.325670+00:00,You’ve paralysed my phone with your update @76099 grrrrrrrrrr
O2,2026-04-29T18:35:19.409969+00:00,"@82476 🤔 We'd like to help Sam, which number is calling you? Please DM us more info so we can advise further. https://t.co/5pyLDJBC6r"
82476,2026-04-29T18:35:19.494276+00:00,"@O2 I received this a few weeks ago, since then I've been getting 2/3 calls a day from a telemarketer. Is someone using your name? https://t.co/GLtz4XHcex"
comcastcares,2026-04-29T18:35:19.578317+00:00,"@105845 I understand this is a frustrating experience, please send a DM with your account information so I can look into this matter for you. -AD"
105845,2026-04-29T18:35:19.662475+00:00,"My internet is down and xfinity talkin about 24-72 hours... y’all have the game messed up. 

@77245"
sprintcare,2026-04-29T18:35:19.746682+00:00,@105676 I understand how you frustrated this situation can be. Please follow us by sending a DM for further assistance. Sprint Cares. -AC
105676,2026-04-29T18:35:19.830991+00:00,@76803  I service last 40 min sprint can I get a refund https://t.co/wYPw9hP6wt
AppleSupport,2026-04-29T18:35:19.915082+00:00,@105846 We'd like to help. What happens when you try to listen to Apple Music &amp; use WhatsApp? Does the music pause? Let us know in DM. https://t.co/GDrqU22YpT
105846,2026-04-29T18:35:19.999125+00:00,So the new @76099 update does not let me listen to music and go on whatsapp at the same time?!?
SpotifyCares,2026-04-29T18:35:20.083472+00:00,@105847 Hi Harry! Help's here. Can you check if logging out &gt; restarting your device &gt; logging back in makes a difference? Keep us posted /MU
105847,2026-04-29T18:35:20.167563+00:00,@SpotifyCares seems to be working at this stage. Will let you know if it happens again. Cheers
SpotifyCares,2026-04-29T18:35:20.251943+00:00,@105847 Sure thing. We'll keep an eye out for your update /MU
105847,2026-04-29T18:35:20.336291+00:00,@SpotifyCares problem has come back again today. is there some kind of bug?
SpotifyCares,2026-04-29T18:35:20.420560+00:00,"@105847 Thanks for giving us a nudge about this. What device, operating system, and Spotify version is this happening on? /AY"
105847,2026-04-29T18:35:20.504645+00:00,"@SpotifyCares It's on a Macbook Air (early 2014), running High Sierra, spotify version 1.0.65.320.gac7a8e02"
SpotifyCares,2026-04-29T18:35:20.588649+00:00,@105847 Got it. Can you try the steps here for us: https://t.co/EqisDMwZAT? They should help with this. Let us know how it plays out /AY
105847,2026-04-29T18:35:20.672758+00:00,@SpotifyCares i've been having issues with playback. songs have been stopping midway through and won't restart unless i close and reopen app
AppleSupport,2026-04-29T18:35:20.756808+00:00,@105848 Let's take a look. What is the exact iOS you're using? Are you using any specific apps when noticing this? DM us your reply. https://t.co/GDrqU22YpT
105848,2026-04-29T18:35:20.841028+00:00,@AppleSupport Latest version 😡😡 I have read the help page turned off virtually all apps and location svs too - but in typing this I dropped 3% life
105848,2026-04-29T18:35:20.925104+00:00,@AppleSupport Super help - problem solved 😀 once again in love with Apple
105848,2026-04-29T18:35:21.009209+00:00,@AppleSupport #ios11update - is still killing my battery within 12 hours - phone is 10 months old - it’s a disgrace - used to get 2 days
AppleSupport,2026-04-29T18:35:21.093283+00:00,@105849 Thanks for reaching out to us. We are always happy to help. Send us a DM so we can look into this together. https://t.co/GDrqU22YpT
105849,2026-04-29T18:35:21.177536+00:00,"Took my phone off charge at 7:20am.

8:03am - 60% battery remaining.

@76099 plz I beg you, sort your battery life out😩"
SouthwestAir,2026-04-29T18:35:21.261645+00:00,"@105850 Once the points load and you hit the number, you get it immediately! You'll even receive a congrats email. Are you almost there? ^AC"
105850,2026-04-29T18:35:21.345966+00:00,@SouthwestAir I am! Thank you for the answer!!
105850,2026-04-29T18:35:21.430323+00:00,@southwestair Just curious....will I get the companion pass the exact moment I get enough points? It will I have to wait? Thanks!
AppleSupport,2026-04-29T18:35:21.514616+00:00,@105851 We'd like to provide some assistance with this. Tell us more about the issue you're experiencing in DM. We'll go from there. https://t.co/GDrqU22YpT
105851,2026-04-29T18:35:21.598767+00:00,@AppleSupport I need a new code for my I-store. I haven’t recd any but msg is too many sent. Help!
AppleSupport,2026-04-29T18:35:21.683079+00:00,"@105852 Are you experiencing an issue with your device? If so, DM us with what's going on. We'll see how we can help from there. https://t.co/GDrqU22YpT"
105852,2026-04-29T18:35:21.767528+00:00,@76099 @AppleSupport fix this update. It’s horrible
British_Airways,2026-04-29T18:35:21.851772+00:00,"@105842 I appreciate it's after 15:30 now, so hopefully you will depart very soon. We're sorry for any inconvenience the delay has caused. 2/2 ^JR"
105842,2026-04-29T18:35:21.936317+00:00,"@British_Airways Thanks for your answer. Response onsite was that Aircraft will not depart today, so rebooking to @105853 with now 4h delay..."
British_Airways,2026-04-29T18:35:22.020476+00:00,@105842 Very sorry to hear this.  We hope you get everything sorted.   Kind Regards ^Jools
Ask_Spectrum,2026-04-29T18:35:22.104671+00:00,"@105854 I am sorry for the poor experience. Can you please DM the full service address and name on the account, as we ass... https://t.co/JEZhqGdBMd"
105854,2026-04-29T18:35:22.188969+00:00,@Ask_Spectrum It's just in my yard. I've called 4-5 times in 6 weeks. I'm not a customer but it's pretty tempting. I do have some coaxial
105854,2026-04-29T18:35:22.273092+00:00,@76501 I guess this means free cable for the neighborhood. https://t.co/FBgEE9YXPm
Tesco,2026-04-29T18:35:22.357586+00:00,"@105855 Hi Thomas, if a colleague believes the person buying alcohol looks under 25, they will be challenged for ID to prove they're of age. - Paige"
105855,2026-04-29T18:35:22.441852+00:00,@Tesco Maybe hire colleagues who can see?
105855,2026-04-29T18:35:22.526205+00:00,@Tesco The point is if it's enforced they do it properly or they don't. Plus take some common-sense and think does that person look over 18?
Tesco,2026-04-29T18:35:22.610323+00:00,"@105855 Hi Thomas, this is correct but this helps our store colleagues judge age and protect them from making underage sales. Amanda"
105855,2026-04-29T18:35:22.694686+00:00,@Tesco Uk offlicense law is 18. Not 25
Tesco,2026-04-29T18:35:22.778714+00:00,"@105855 Hi Thomas, we operate a Think 25 policy at our stores. I'd be flattered to be ID'd. :-) - Helena"
105855,2026-04-29T18:35:22.862943+00:00,Got id's @Tesco for buying one Adnams Broadside. Is being blind part of the job-spec? I am 35 and 99 kilos.
Tesco,2026-04-29T18:35:22.947098+00:00,"@105856 Hi there, could you try deleting your cache and cookies and reinstalling the app if using it? This should fix the issue :) - Dani"
105856,2026-04-29T18:35:23.031081+00:00,@Tesco Will I lose all the shopping I've done if I delete the cache/cookies (not using app)?
Tesco,2026-04-29T18:35:23.115423+00:00,"@105856 Hi there, as long as you sign out of your account prior to deleting your cache &amp; cookies, you'll still have a full basket :) Thanks - Mike"
105856,2026-04-29T18:35:23.199802+00:00,@Tesco Done all that. Still telling me there are no delivery slots whatsoever.
Tesco,2026-04-29T18:35:23.284073+00:00,"@105856 Can you DM me your full name, address and email? I'd be happy to look into this further for you :) Thanks - Mike"
105856,2026-04-29T18:35:23.368418+00:00,"Hey @Tesco, your website's broken. It's telling me there are no delivery slots for the next 3 weeks, which I find slightly unlikely."
AppleSupport,2026-04-29T18:35:23.452997+00:00,@105857 Is there a particular app that seems to cause these issues more than others? What model iPhone are you using? Join us in DM. https://t.co/GDrqU22YpT
105857,2026-04-29T18:35:23.538020+00:00,@AppleSupport I have the latest version iOS. It started immediately after I updated my phone.
AppleSupport,2026-04-29T18:35:23.623061+00:00,@105857 We'd like to help if we can. When did this start happening? Which version of iOS are you running currently?
105857,2026-04-29T18:35:23.707886+00:00,My apps stop working without warning and my phone freezes every five minutes! Love the new update @76099!!!!
HPSupport,2026-04-29T18:35:23.792623+00:00,"@105858 Hi Agoura, thanks for tweeting. Please refer to this article: https://t.co/BSsgjZARTc &amp; click the link to reply back. ^Rashmi https://t.co/a2xkfCrUG1"
105858,2026-04-29T18:35:23.877359+00:00,@HPSupport Problem with printhead  Serial# TH536D1HN #hpcswus #hpprnt
UPSHelp,2026-04-29T18:35:23.961537+00:00,@105859 UPS has a service called My Choice that will allow your packages to be delivered to UPS Store. ^ML  https://t.co/BPZKndqww1 https://t.co/wKJHDXWGRQ
105859,2026-04-29T18:35:24.046062+00:00,@105860 I wish Amazon had an option of where I can just get it shipped to the ups store so I can avoid a lot of the struggle
105860,2026-04-29T18:35:24.130550+00:00,They reschedule my shit for tomorrow https://t.co/RsvZcT982t
Tesco,2026-04-29T18:35:24.215214+00:00,"@105861 Hey Sara, sorry to hear of the issues you are having, can I ask if it's the lay out or just the speed of the website responding? TY - Chris"
105861,2026-04-29T18:35:24.300371+00:00,@Tesco bit of both - finding the layout cumbersome and when removing an item from faves - getting a huge slowdown. Not keen on the thin green line https://t.co/9281OKEebk
Tesco,2026-04-29T18:35:24.385732+00:00,"@105861 If that doesn't help please DM your full name, address and email including the browser and device so we can log this. Thanks - Lee 2/2"
105834,2026-04-29T18:35:24.470754+00:00,@AppleSupport causing the reply to be disregarded and the tapped notification under the keyboard is opened😡😡😡
ChaseSupport,2026-04-29T18:35:24.555692+00:00,"@105835 Your business means a lot to us. Please DM your name, zip code and additional details about your concern. ^RR https://t.co/znUu1VJn9r"
105835,2026-04-29T18:35:24.640729+00:00,@76328 I really hope you all change but I'm sure you won't! Because you don't have to!
VirginTrains,2026-04-29T18:35:24.725455+00:00,"@105836 LiveChat is online at the moment - https://t.co/SY94VtU8Kq or contact 03331 031 031 option 1, 4, 3 (Leave a message) to request a call back"
105836,2026-04-29T18:35:24.809944+00:00,@VirginTrains see attached error message. I've tried leaving a voicemail several times in the past week https://t.co/NxVZjlYx1k
VirginTrains,2026-04-29T18:35:24.894724+00:00,"@105836 Have you tried from another device, Miriam ^MM"
105836,2026-04-29T18:35:24.979685+00:00,"@VirginTrains yep, I've tried laptop too several times over the past week and again today. I've tried different browsers too"
VirginTrains,2026-04-29T18:35:25.064368+00:00,"@105836 It's working OK from here, Miriam. Does this link help https://t.co/0m2mpH15eh ? ^MM"
105836,2026-04-29T18:35:25.149036+00:00,@VirginTrains I still haven't heard &amp; the number I'm directed to by phone is a dead end &amp; the live chat doesn't work. Can someone call me?
VirginTrains,2026-04-29T18:35:25.233859+00:00,@105836 That's what we're here for Miriam 😊  The team should send you an email shortly ^HP
AppleSupport,2026-04-29T18:35:25.319057+00:00,@105837 We can help. Which version of iOS are you on? You can find that in Settings &gt; General &gt; About. Reply in DM. https://t.co/GDrqU22YpT
105837,2026-04-29T18:35:25.402947+00:00,"@105838 @AppleSupport Me too am suffering , hope the can find a solution"
105838,2026-04-29T18:35:25.486923+00:00,"@AppleSupport hi #apple, I’ve a concern about the latest ios is too slow on #iphone6 and i am not happy with it. Any solution please?"
AppleSupport,2026-04-29T18:35:25.571037+00:00,@105839 Thanks for reaching out to us. We are always happy to help. Send us a DM so we can look into this together. https://t.co/GDrqU22YpT
105839,2026-04-29T18:35:25.655419+00:00,I just updated my phone and suddenly everything takes ages to load wtf @76099 this update sux I hate it fix it bye
SpotifyCares,2026-04-29T18:35:25.739924+00:00,"@105840 Hi there! What device is this happening on? If you could also let us know the Android and Spotify versions you're using, that'd be great /AY"
105840,2026-04-29T18:35:25.825010+00:00,@SpotifyCares Thanks! Version 8.4.22.857 armv7 on anker bluetooth speaker on Samsung Galaxy Tab A (2016) Model SM-T280 Does distance from speaker matter?
SpotifyCares,2026-04-29T18:35:25.910126+00:00,@105840 Thanks. The distance could possibly affect playback. Does logging out &gt; restarting your device &gt; logging back in make a difference? /AY
105840,2026-04-29T18:35:25.995142+00:00,"@SpotifyCares No, but I've moved speaker to about 1 metre away and it's not skipping at the mo - it was about 3 or 4 metres away before. Fingers crossed!"
SpotifyCares,2026-04-29T18:35:26.080039+00:00,"@105840 That's great to hear. If anything comes up, just let us know. We'll carry on helping out 🙂 /AY"
105840,2026-04-29T18:35:26.164903+00:00,@SpotifyCares Brilliant thanks 😊
SpotifyCares,2026-04-29T18:35:26.249794+00:00,"@105840 You're welcome! If there's anything else we can help with, just give us a shout. We're here for you 😉 /CP"
105840,2026-04-29T18:35:26.334897+00:00,@76495 @91226 Please help! Spotify Premium skipping through songs constantly on android tablet &amp; bluetooth speaker. Tried everything!
AppleSupport,2026-04-29T18:35:26.419560+00:00,@105841 We'd love to help! Please DM us and let us know any steps you've tried since experiencing these behaviors. https://t.co/GDrqU22YpT
105841,2026-04-29T18:35:26.504534+00:00,"@AppleSupport after the 11.0.2 my phone just sucks most of the apps are broken, wifi disconnects frequently #apple #ios1102 #painfulupdate"
British_Airways,2026-04-29T18:35:26.589443+00:00,"@105842 We're sorry your flight has been delayed, Beatner. Are you travelling on the BA8733? If so, the updated departure time we have is 15:30. 1/2"
105842,2026-04-29T18:35:26.674560+00:00,First flight for long time with @British_Airways. Now over one 1h delay for the short jump FRA-LCY and NO one here to provide status updates
AppleSupport,2026-04-29T18:35:26.759499+00:00,"@105843 Battery life is important, and we're here for you. DM us the iOS version your iPhone is running. We'll go from there. https://t.co/GDrqU22YpT"
105843,2026-04-29T18:35:26.844820+00:00,Okay @76099 I used my fucking phone for 2 minutes and it drains it down 8 fucking percent
AppleSupport,2026-04-29T18:35:26.929651+00:00,@105844 Thanks for reaching out to us. We are always happy to help. Send us a DM so we can look into this together. https://t.co/GDrqU22YpT
105844,2026-04-29T18:35:27.014238+00:00,"@AppleSupport Can you get my iPhone 7plus back on the old iOS please?  Battery runs out in half the time, apps now frequently crash."
AppleSupport,2026-04-29T18:35:27.098740+00:00,@105844 We'd be happy to help. Send us a DM and we can start there. https://t.co/GDrqU22YpT
105844,2026-04-29T18:35:27.183945+00:00,You’ve paralysed my phone with your update @76099 grrrrrrrrrr
O2,2026-04-29T18:35:27.268903+00:00,"@82476 🤔 We'd like to help Sam, which number is calling you? Please DM us more info so we can advise further. https://t.co/5pyLDJBC6r"
82476,2026-04-29T18:35:27.353441+00:00,"@O2 I received this a few weeks ago, since then I've been getting 2/3 calls a day from a telemarketer. Is someone using your name? https://t.co/GLtz4XHcex"
comcastcares,2026-04-29T18:35:27.438101+00:00,"@105845 I understand this is a frustrating experience, please send a DM with your account information so I can look into this matter for you. -AD"
105845,2026-04-29T18:35:27.523358+00:00,"My internet is down and xfinity talkin about 24-72 hours... y’all have the game messed up. 

@77245"
sprintcare,2026-04-29T18:35:27.608744+00:00,@105676 I understand how you frustrated this situation can be. Please follow us by sending a DM for further assistance. Sprint Cares. -AC
105676,2026-04-29T18:35:27.693479+00:00,@76803  I service last 40 min sprint can I get a refund https://t.co/wYPw9hP6wt
AppleSupport,2026-04-29T18:35:27.777848+00:00,@105846 We'd like to help. What happens when you try to listen to Apple Music &amp; use WhatsApp? Does the music pause? Let us know in DM. https://t.co/GDrqU22YpT
105846,2026-04-29T18:35:27.863182+00:00,So the new @76099 update does not let me listen to music and go on whatsapp at the same time?!?
SpotifyCares,2026-04-29T18:35:27.948000+00:00,@105847 Hi Harry! Help's here. Can you check if logging out &gt; restarting your device &gt; logging back in makes a difference? Keep us posted /MU
105847,2026-04-29T18:35:28.033916+00:00,@SpotifyCares seems to be working at this stage. Will let you know if it happens again. Cheers
SpotifyCares,2026-04-29T18:35:28.119628+00:00,@105847 Sure thing. We'll keep an eye out for your update /MU
105847,2026-04-29T18:35:28.205175+00:00,@SpotifyCares problem has come back again today. is there some kind of bug?
SpotifyCares,2026-04-29T18:35:28.289800+00:00,"@105847 Thanks for giving us a nudge about this. What device, operating system, and Spotify version is this happening on? /AY"
105847,2026-04-29T18:35:28.374850+00:00,"@SpotifyCares It's on a Macbook Air (early 2014), running High Sierra, spotify version 1.0.65.320.gac7a8e02"
SpotifyCares,2026-04-29T18:35:28.460038+00:00,@105847 Got it. Can you try the steps here for us: https://t.co/EqisDMwZAT? They should help with this. Let us know how it plays out /AY
105847,2026-04-29T18:35:28.545308+00:00,@SpotifyCares i've been having issues with playback. songs have been stopping midway through and won't restart unless i close and reopen app
AppleSupport,2026-04-29T18:35:28.630013+00:00,@105848 Let's take a look. What is the exact iOS you're using? Are you using any specific apps when noticing this? DM us your reply. https://t.co/GDrqU22YpT
105848,2026-04-29T18:35:28.715485+00:00,@AppleSupport Latest version 😡😡 I have read the help page turned off virtually all apps and location svs too - but in typing this I dropped 3% life
105848,2026-04-29T18:35:28.800800+00:00,@AppleSupport Super help - problem solved 😀 once again in love with Apple
105848,2026-04-29T18:35:28.886744+00:00,@AppleSupport #ios11update - is still killing my battery within 12 hours - phone is 10 months old - it’s a disgrace - used to get 2 days
AppleSupport,2026-04-29T18:35:28.971269+00:00,@105849 Thanks for reaching out to us. We are always happy to help. Send us a DM so we can look into this together. https://t.co/GDrqU22YpT
105849,2026-04-29T18:35:29.056389+00:00,"Took my phone off charge at 7:20am.

8:03am - 60% battery remaining.

@76099 plz I beg you, sort your battery life out😩"
SouthwestAir,2026-04-29T18:35:29.141053+00:00,"@105850 Once the points load and you hit the number, you get it immediately! You'll even receive a congrats email. Are you almost there? ^AC"
105850,2026-04-29T18:35:29.225873+00:00,@SouthwestAir I am! Thank you for the answer!!
105850,2026-04-29T18:35:29.311108+00:00,@southwestair Just curious....will I get the companion pass the exact moment I get enough points? It will I have to wait? Thanks!
AppleSupport,2026-04-29T18:35:29.396034+00:00,@105851 We'd like to provide some assistance with this. Tell us more about the issue you're experiencing in DM. We'll go from there. https://t.co/GDrqU22YpT
105851,2026-04-29T18:35:29.481049+00:00,@AppleSupport I need a new code for my I-store. I haven’t recd any but msg is too many sent. Help!
AppleSupport,2026-04-29T18:35:29.565773+00:00,"@105852 Are you experiencing an issue with your device? If so, DM us with what's going on. We'll see how we can help from there. https://t.co/GDrqU22YpT"
105852,2026-04-29T18:35:29.650675+00:00,@76099 @AppleSupport fix this update. It’s horrible
British_Airways,2026-04-29T18:35:29.735344+00:00,"@105842 I appreciate it's after 15:30 now, so hopefully you will depart very soon. We're sorry for any inconvenience the delay has caused. 2/2 ^JR"
105842,2026-04-29T18:35:29.820126+00:00,"@British_Airways Thanks for your answer. Response onsite was that Aircraft will not depart today, so rebooking to @105853 with now 4h delay..."
British_Airways,2026-04-29T18:35:29.905341+00:00,@105842 Very sorry to hear this.  We hope you get everything sorted.   Kind Regards ^Jools
Ask_Spectrum,2026-04-29T18:35:29.990361+00:00,"@105854 I am sorry for the poor experience. Can you please DM the full service address and name on the account, as we ass... https://t.co/JEZhqGdBMd"
105854,2026-04-29T18:35:30.075773+00:00,@Ask_Spectrum It's just in my yard. I've called 4-5 times in 6 weeks. I'm not a customer but it's pretty tempting. I do have some coaxial
105854,2026-04-29T18:35:30.161212+00:00,@76501 I guess this means free cable for the neighborhood. https://t.co/FBgEE9YXPm
Tesco,2026-04-29T18:35:30.245945+00:00,"@105855 Hi Thomas, if a colleague believes the person buying alcohol looks under 25, they will be challenged for ID to prove they're of age. - Paige"
105855,2026-04-29T18:35:30.330435+00:00,@Tesco Maybe hire colleagues who can see?
105855,2026-04-29T18:35:30.417018+00:00,@Tesco The point is if it's enforced they do it properly or they don't. Plus take some common-sense and think does that person look over 18?
Tesco,2026-04-29T18:35:30.502304+00:00,"@105855 Hi Thomas, this is correct but this helps our store colleagues judge age and protect them from making underage sales. Amanda"
105855,2026-04-29T18:35:30.587225+00:00,@Tesco Uk offlicense law is 18. Not 25
Tesco,2026-04-29T18:35:30.671709+00:00,"@105855 Hi Thomas, we operate a Think 25 policy at our stores. I'd be flattered to be ID'd. :-) - Helena"
105855,2026-04-29T18:35:30.758092+00:00,Got id's @Tesco for buying one Adnams Broadside. Is being blind part of the job-spec? I am 35 and 99 kilos.
Tesco,2026-04-29T18:35:30.843698+00:00,"@105856 Hi there, could you try deleting your cache and cookies and reinstalling the app if using it? This should fix the issue :) - Dani"
105856,2026-04-29T18:35:30.930025+00:00,@Tesco Will I lose all the shopping I've done if I delete the cache/cookies (not using app)?
Tesco,2026-04-29T18:35:31.015627+00:00,"@105856 Hi there, as long as you sign out of your account prior to deleting your cache &amp; cookies, you'll still have a full basket :) Thanks - Mike"
105856,2026-04-29T18:35:31.100686+00:00,@Tesco Done all that. Still telling me there are no delivery slots whatsoever.
Tesco,2026-04-29T18:35:31.185789+00:00,"@105856 Can you DM me your full name, address and email? I'd be happy to look into this further for you :) Thanks - Mike"
105856,2026-04-29T18:35:31.270593+00:00,"Hey @Tesco, your website's broken. It's telling me there are no delivery slots for the next 3 weeks, which I find slightly unlikely."
AppleSupport,2026-04-29T18:35:31.355132+00:00,@105857 Is there a particular app that seems to cause these issues more than others? What model iPhone are you using? Join us in DM. https://t.co/GDrqU22YpT
105857,2026-04-29T18:35:31.439828+00:00,@AppleSupport I have the latest version iOS. It started immediately after I updated my phone.
AppleSupport,2026-04-29T18:35:31.524465+00:00,@105857 We'd like to help if we can. When did this start happening? Which version of iOS are you running currently?
105857,2026-04-29T18:35:31.608895+00:00,My apps stop working without warning and my phone freezes every five minutes! Love the new update @76099!!!!
HPSupport,2026-04-29T18:35:31.693315+00:00,"@105858 Hi Agoura, thanks for tweeting. Please refer to this article: https://t.co/BSsgjZARTc &amp; click the link to reply back. ^Rashmi https://t.co/a2xkfCrUG1"
105858,2026-04-29T18:35:31.778462+00:00,@HPSupport Problem with printhead  Serial# TH536D1HN #hpcswus #hpprnt
UPSHelp,2026-04-29T18:35:31.863087+00:00,@105859 UPS has a service called My Choice that will allow your packages to be delivered to UPS Store. ^ML  https://t.co/BPZKndqww1 https://t.co/wKJHDXWGRQ
105859,2026-04-29T18:35:31.947695+00:00,@105860 I wish Amazon had an option of where I can just get it shipped to the ups store so I can avoid a lot of the struggle
105860,2026-04-29T18:35:32.032522+00:00,They reschedule my shit for tomorrow https://t.co/RsvZcT982t
Tesco,2026-04-29T18:35:32.116990+00:00,"@105861 Hey Sara, sorry to hear of the issues you are having, can I ask if it's the lay out or just the speed of the website responding? TY - Chris"
105861,2026-04-29T18:35:32.201790+00:00,@Tesco bit of both - finding the layout cumbersome and when removing an item from faves - getting a huge slowdown. Not keen on the thin green line https://t.co/9281OKEebk
Tesco,2026-04-29T18:35:32.286326+00:00,"@105861 If that doesn't help please DM your full name, address and email including the browser and device so we can log this. Thanks - Lee 2/2"
105834,2026-04-29T18:35:32.372863+00:00,@AppleSupport causing the reply to be disregarded and the tapped notification under the keyboard is opened😡😡😡
ChaseSupport,2026-04-29T18:35:32.457567+00:00,"@105835 Your business means a lot to us. Please DM your name, zip code and additional details about your concern. ^RR https://t.co/znUu1VJn9r"
105835,2026-04-29T18:35:32.542461+00:00,@76328 I really hope you all change but I'm sure you won't! Because you don't have to!
VirginTrains,2026-04-29T18:35:32.627076+00:00,"@105836 LiveChat is online at the moment - https://t.co/SY94VtU8Kq or contact 03331 031 031 option 1, 4, 3 (Leave a message) to request a call back"
105836,2026-04-29T18:35:32.712042+00:00,@VirginTrains see attached error message. I've tried leaving a voicemail several times in the past week https://t.co/NxVZjlYx1k
VirginTrains,2026-04-29T18:35:32.796948+00:00,"@105836 Have you tried from another device, Miriam ^MM"
105836,2026-04-29T18:35:32.881888+00:00,"@VirginTrains yep, I've tried laptop too several times over the past week and again today. I've tried different browsers too"
VirginTrains,2026-04-29T18:35:32.967098+00:00,"@105836 It's working OK from here, Miriam. Does this link help https://t.co/0m2mpH15eh ? ^MM"
105836,2026-04-29T18:35:33.051824+00:00,@VirginTrains I still haven't heard &amp; the number I'm directed to by phone is a dead end &amp; the live chat doesn't work. Can someone call me?
VirginTrains,2026-04-29T18:35:33.136490+00:00,@105836 That's what we're here for Miriam 😊  The team should send you an email shortly ^HP
AppleSupport,2026-04-29T18:35:33.221208+00:00,@105837 We can help. Which version of iOS are you on? You can find that in Settings &gt; General &gt; About. Reply in DM. https://t.co/GDrqU22YpT
105837,2026-04-29T18:35:33.305592+00:00,"@105838 @AppleSupport Me too am suffering , hope the can find a solution"
105838,2026-04-29T18:35:33.390490+00:00,"@AppleSupport hi #apple, I’ve a concern about the latest ios is too slow on #iphone6 and i am not happy with it. Any solution please?"
AppleSupport,2026-04-29T18:35:33.475075+00:00,@105839 Thanks for reaching out to us. We are always happy to help. Send us a DM so we can look into this together. https://t.co/GDrqU22YpT
105839,2026-04-29T18:35:33.559574+00:00,I just updated my phone and suddenly everything takes ages to load wtf @76099 this update sux I hate it fix it bye
SpotifyCares,2026-04-29T18:35:33.645140+00:00,"@105840 Hi there! What device is this happening on? If you could also let us know the Android and Spotify versions you're using, that'd be great /AY"
105840,2026-04-29T18:35:33.729855+00:00,@SpotifyCares Thanks! Version 8.4.22.857 armv7 on anker bluetooth speaker on Samsung Galaxy Tab A (2016) Model SM-T280 Does distance from speaker matter?
SpotifyCares,2026-04-29T18:35:33.814776+00:00,@105840 Thanks. The distance could possibly affect playback. Does logging out &gt; restarting your device &gt; logging back in make a difference? /AY
105840,2026-04-29T18:35:33.899421+00:00,"@SpotifyCares No, but I've moved speaker to about 1 metre away and it's not skipping at the mo - it was about 3 or 4 metres away before. Fingers crossed!"
SpotifyCares,2026-04-29T18:35:33.984750+00:00,"@105840 That's great to hear. If anything comes up, just let us know. We'll carry on helping out 🙂 /AY"
105840,2026-04-29T18:35:34.071008+00:00,@SpotifyCares Brilliant thanks 😊
SpotifyCares,2026-04-29T18:35:34.157593+00:00,"@105840 You're welcome! If there's anything else we can help with, just give us a shout. We're here for you 😉 /CP"
105840,2026-04-29T18:35:34.243627+00:00,@76495 @91226 Please help! Spotify Premium skipping through songs constantly on android tablet &amp; bluetooth speaker. Tried everything!
AppleSupport,2026-04-29T18:35:34.331232+00:00,@105841 We'd love to help! Please DM us and let us know any steps you've tried since experiencing these behaviors. https://t.co/GDrqU22YpT
105841,2026-04-29T18:35:34.417175+00:00,"@AppleSupport after the 11.0.2 my phone just sucks most of the apps are broken, wifi disconnects frequently #apple #ios1102 #painfulupdate"
British_Airways,2026-04-29T18:35:34.380208+00:00,"@105842 We're sorry your flight has been delayed, Beatner. Are you travelling on the BA8733? If so, the updated departure time we have is 15:30. 1/2"
105842,2026-04-29T18:35:34.465031+00:00,First flight for long time with @British_Airways. Now over one 1h delay for the short jump FRA-LCY and NO one here to provide status updates
AppleSupport,2026-04-29T18:35:34.549827+00:00,"@105843 Battery life is important, and we're here for you. DM us the iOS version your iPhone is running. We'll go from there. https://t.co/GDrqU22YpT"
105843,2026-04-29T18:35:34.634876+00:00,Okay @76099 I used my fucking phone for 2 minutes and it drains it down 8 fucking percent
AppleSupport,2026-04-29T18:35:34.719765+00:00,@105844 Thanks for reaching out to us. We are always happy to help. Send us a DM so we can look into this together. https://t.co/GDrqU22YpT
105844,2026-04-29T18:35:34.804735+00:00,"@AppleSupport Can you get my iPhone 7plus back on the old iOS please?  Battery runs out in half the time, apps now frequently crash."
AppleSupport,2026-04-29T18:35:34.889446+00:00,@105844 We'd be happy to help. Send us a DM and we can start there. https://t.co/GDrqU22YpT
105844,2026-04-29T18:35:34.974095+00:00,You’ve paralysed my phone with your update @76099 grrrrrrrrrr
O2,2026-04-29T18:35:35.058333+00:00,"@82476 🤔 We'd like to help Sam, which number is calling you? Please DM us more info so we can advise further. https://t.co/5pyLDJBC6r"
82476,2026-04-29T18:35:35.142841+00:00,"@O2 I received this a few weeks ago, since then I've been getting 2/3 calls a day from a telemarketer. Is someone using your name? https://t.co/GLtz4XHcex"
comcastcares,2026-04-29T18:35:35.227902+00:00,"@105845 I understand this is a frustrating experience, please send a DM with your account information so I can look into this matter for you. -AD"
105845,2026-04-29T18:35:35.312171+00:00,"My internet is down and xfinity talkin about 24-72 hours... y’all have the game messed up. 

@77245"
sprintcare,2026-04-29T18:35:35.396047+00:00,@105676 I understand how you frustrated this situation can be. Please follow us by sending a DM for further assistance. Sprint Cares. -AC
105676,2026-04-29T18:35:35.480018+00:00,@76803  I service last 40 min sprint can I get a refund https://t.co/wYPw9hP6wt
AppleSupport,2026-04-29T18:35:35.564271+00:00,@105846 We'd like to help. What happens when you try to listen to Apple Music &amp; use WhatsApp? Does the music pause? Let us know in DM. https://t.co/GDrqU22YpT
105846,2026-04-29T18:35:35.648320+00:00,So the new @76099 update does not let me listen to music and go on whatsapp at the same time?!?
SpotifyCares,2026-04-29T18:35:35.732763+00:00,@105847 Hi Harry! Help's here. Can you check if logging out &gt; restarting your device &gt; logging back in makes a difference? Keep us posted /MU
105847,2026-04-29T18:35:35.817712+00:00,@SpotifyCares seems to be working at this stage. Will let you know if it happens again. Cheers
SpotifyCares,2026-04-29T18:35:35.902467+00:00,@105847 Sure thing. We'll keep an eye out for your update /MU
105847,2026-04-29T18:35:35.986889+00:00,@SpotifyCares problem has come back again today. is there some kind of bug?
SpotifyCares,2026-04-29T18:35:36.071269+00:00,"@105847 Thanks for giving us a nudge about this. What device, operating system, and Spotify version is this happening on? /AY"
105847,2026-04-29T18:35:36.155650+00:00,"@SpotifyCares It's on a Macbook Air (early 2014), running High Sierra, spotify version 1.0.65.320.gac7a8e02"
SpotifyCares,2026-04-29T18:35:36.239629+00:00,@105847 Got it. Can you try the steps here for us: https://t.co/EqisDMwZAT? They should help with this. Let us know how it plays out /AY
105847,2026-04-29T18:35:36.323427+00:00,@SpotifyCares i've been having issues with playback. songs have been stopping midway through and won't restart unless i close and reopen app
AppleSupport,2026-04-29T18:35:36.407512+00:00,@105848 Let's take a look. What is the exact iOS you're using? Are you using any specific apps when noticing this? DM us your reply. https://t.co/GDrqU22YpT
105848,2026-04-29T18:35:36.491455+00:00,@AppleSupport Latest version 😡😡 I have read the help page turned off virtually all apps and location svs too - but in typing this I dropped 3% life
105848,2026-04-29T18:35:36.575404+00:00,@AppleSupport Super help - problem solved 😀 once again in love with Apple
105848,2026-04-29T18:35:36.659580+00:00,@AppleSupport #ios11update - is still killing my battery within 12 hours - phone is 10 months old - it’s a disgrace - used to get 2 days
AppleSupport,2026-04-29T18:35:36.743820+00:00,@105849 Thanks for reaching out to us. We are always happy to help. Send us a DM so we can look into this together. https://t.co/GDrqU22YpT
105849,2026-04-29T18:35:36.828069+00:00,"Took my phone off charge at 7:20am.

8:03am - 60% battery remaining.

@76099 plz I beg you, sort your battery life out😩"
SouthwestAir,2026-04-29T18:35:36.913340+00:00,"@105850 Once the points load and you hit the number, you get it immediately! You'll even receive a congrats email. Are you almost there? ^AC"
105850,2026-04-29T18:35:36.997442+00:00,@SouthwestAir I am! Thank you for the answer!!
105850,2026-04-29T18:35:37.081570+00:00,@southwestair Just curious....will I get the companion pass the exact moment I get enough points? It will I have to wait? Thanks!
AppleSupport,2026-04-29T18:35:37.165463+00:00,@105851 We'd like to provide some assistance with this. Tell us more about the issue you're experiencing in DM. We'll go from there. https://t.co/GDrqU22YpT
105851,2026-04-29T18:35:37.249771+00:00,@AppleSupport I need a new code for my I-store. I haven’t recd any but msg is too many sent. Help!
AppleSupport,2026-04-29T18:35:37.333856+00:00,"@105852 Are you experiencing an issue with your device? If so, DM us with what's going on. We'll see how we can help from there. https://t.co/GDrqU22YpT"
105852,2026-04-29T18:35:37.417886+00:00,@76099 @AppleSupport fix this update. It’s horrible
British_Airways,2026-04-29T18:35:37.502289+00:00,"@105842 I appreciate it's after 15:30 now, so hopefully you will depart very soon. We're sorry for any inconvenience the delay has caused. 2/2 ^JR"
105842,2026-04-29T18:35:37.586077+00:00,"@British_Airways Thanks for your answer. Response onsite was that Aircraft will not depart today, so rebooking to @105853 with now 4h delay..."
British_Airways,2026-04-29T18:35:37.670013+00:00,@105842 Very sorry to hear this.  We hope you get everything sorted.   Kind Regards ^Jools
Ask_Spectrum,2026-04-29T18:35:37.754960+00:00,"@105854 I am sorry for the poor experience. Can you please DM the full service address and name on the account, as we ass... https://t.co/JEZhqGdBMd"
105854,2026-04-29T18:35:37.840176+00:00,@Ask_Spectrum It's just in my yard. I've called 4-5 times in 6 weeks. I'm not a customer but it's pretty tempting. I do have some coaxial
105854,2026-04-29T18:35:37.924296+00:00,@76501 I guess this means free cable for the neighborhood. https://t.co/FBgEE9YXPm
Tesco,2026-04-29T18:35:38.008773+00:00,"@105855 Hi Thomas, if a colleague believes the person buying alcohol looks under 25, they will be challenged for ID to prove they're of age. - Paige"
105855,2026-04-29T18:35:38.092998+00:00,@Tesco Maybe hire colleagues who can see?
105855,2026-04-29T18:35:38.177471+00:00,@Tesco The point is if it's enforced they do it properly or they don't. Plus take some common-sense and think does that person look over 18?
Tesco,2026-04-29T18:35:38.262591+00:00,"@105855 Hi Thomas, this is correct but this helps our store colleagues judge age and protect them from making underage sales. Amanda"
105855,2026-04-29T18:35:38.347113+00:00,@Tesco Uk offlicense law is 18. Not 25
Tesco,2026-04-29T18:35:38.431385+00:00,"@105855 Hi Thomas, we operate a Think 25 policy at our stores. I'd be flattered to be ID'd. :-) - Helena"
105855,2026-04-29T18:35:38.516102+00:00,Got id's @Tesco for buying one Adnams Broadside. Is being blind part of the job-spec? I am 35 and 99 kilos.
Tesco,2026-04-29T18:35:38.600371+00:00,"@105856 Hi there, could you try deleting your cache and cookies and reinstalling the app if using it? This should fix the issue :) - Dani"
105856,2026-04-29T18:35:38.684940+00:00,@Tesco Will I lose all the shopping I've done if I delete the cache/cookies (not using app)?
Tesco,2026-04-29T18:35:38.769304+00:00,"@105856 Hi there, as long as you sign out of your account prior to deleting your cache &amp; cookies, you'll still have a full basket :) Thanks - Mike"
105856,2026-04-29T18:35:38.853436+00:00,@Tesco Done all that. Still telling me there are no delivery slots whatsoever.
Tesco,2026-04-29T18:35:38.937866+00:00,"@105856 Can you DM me your full name, address and email? I'd be happy to look into this further for you :) Thanks - Mike"
105856,2026-04-29T18:35:39.022523+00:00,"Hey @Tesco, your website's broken. It's telling me there are no delivery slots for the next 3 weeks, which I find slightly unlikely."
AppleSupport,2026-04-29T18:35:39.106681+00:00,@105857 Is there a particular app that seems to cause these issues more than others? What model iPhone are you using? Join us in DM. https://t.co/GDrqU22YpT
105857,2026-04-29T18:35:39.190887+00:00,@AppleSupport I have the latest version iOS. It started immediately after I updated my phone.
AppleSupport,2026-04-29T18:35:39.275106+00:00,@105857 We'd like to help if we can. When did this start happening? Which version of iOS are you running currently?
105857,2026-04-29T18:35:39.359397+00:00,My apps stop working without warning and my phone freezes every five minutes! Love the new update @76099!!!!
HPSupport,2026-04-29T18:35:39.445159+00:00,"@105858 Hi Agoura, thanks for tweeting. Please refer to this article: https://t.co/BSsgjZARTc &amp; click the link to reply back. ^Rashmi https://t.co/a2xkfCrUG1"
105858,2026-04-29T18:35:39.529749+00:00,@HPSupport Problem with printhead  Serial# TH536D1HN #hpcswus #hpprnt
UPSHelp,2026-04-29T18:35:39.614388+00:00,@105859 UPS has a service called My Choice that will allow your packages to be delivered to UPS Store. ^ML  https://t.co/BPZKndqww1 https://t.co/wKJHDXWGRQ
105859,2026-04-29T18:35:39.698761+00:00,@105860 I wish Amazon had an option of where I can just get it shipped to the ups store so I can avoid a lot of the struggle
105860,2026-04-29T18:35:39.784441+00:00,They reschedule my shit for tomorrow https://t.co/RsvZcT982t
Tesco,2026-04-29T18:35:39.869072+00:00,"@105861 Hey Sara, sorry to hear of the issues you are having, can I ask if it's the lay out or just the speed of the website responding? TY - Chris"
105861,2026-04-29T18:35:39.953961+00:00,@Tesco bit of both - finding the layout cumbersome and when removing an item from faves - getting a huge slowdown. Not keen on the thin green line https://t.co/9281OKEebk
Tesco,2026-04-29T18:35:40.039199+00:00,"@105861 If that doesn't help please DM your full name, address and email including the browser and device so we can log this. Thanks - Lee 2/2"
105834,2026-04-29T18:35:40.124102+00:00,@AppleSupport causing the reply to be disregarded and the tapped notification under the keyboard is opened😡😡😡
ChaseSupport,2026-04-29T18:35:40.208683+00:00,"@105835 Your business means a lot to us. Please DM your name, zip code and additional details about your concern. ^RR https://t.co/znUu1VJn9r"
105835,2026-04-29T18:35:40.293244+00:00,@76328 I really hope you all change but I'm sure you won't! Because you don't have to!
VirginTrains,2026-04-29T18:35:40.378192+00:00,"@105836 LiveChat is online at the moment - https://t.co/SY94VtU8Kq or contact 03331 031 031 option 1, 4, 3 (Leave a message) to request a call back"
105836,2026-04-29T18:35:40.462617+00:00,@VirginTrains see attached error message. I've tried leaving a voicemail several times in the past week https://t.co/NxVZjlYx1k
VirginTrains,2026-04-29T18:35:40.547070+00:00,"@105836 Have you tried from another device, Miriam ^MM"
105836,2026-04-29T18:35:40.631786+00:00,"@VirginTrains yep, I've tried laptop too several times over the past week and again today. I've tried different browsers too"
VirginTrains,2026-04-29T18:35:40.716262+00:00,"@105836 It's working OK from here, Miriam. Does this link help https://t.co/0m2mpH15eh ? ^MM"
105836,2026-04-29T18:35:40.800205+00:00,@VirginTrains I still haven't heard &amp; the number I'm directed to by phone is a dead end &amp; the live chat doesn't work. Can someone call me?
VirginTrains,2026-04-29T18:35:40.884663+00:00,@105836 That's what we're here for Miriam 😊  The team should send you an email shortly ^HP
AppleSupport,2026-04-29T18:35:40.969216+00:00,@105837 We can help. Which version of iOS are you on? You can find that in Settings &gt; General &gt; About. Reply in DM. https://t.co/GDrqU22YpT
105837,2026-04-29T18:35:41.054605+00:00,"@105838 @AppleSupport Me too am suffering , hope the can find a solution"
105838,2026-04-29T18:35:41.139207+00:00,"@AppleSupport hi #apple, I’ve a concern about the latest ios is too slow on #iphone6 and i am not happy with it. Any solution please?"
AppleSupport,2026-04-29T18:35:41.223879+00:00,@105839 Thanks for reaching out to us. We are always happy to help. Send us a DM so we can look into this together. https://t.co/GDrqU22YpT
105839,2026-04-29T18:35:41.309790+00:00,I just updated my phone and suddenly everything takes ages to load wtf @76099 this update sux I hate it fix it bye
SpotifyCares,2026-04-29T18:35:41.394993+00:00,"@105840 Hi there! What device is this happening on? If you could also let us know the Android and Spotify versions you're using, that'd be great /AY"
105840,2026-04-29T18:35:41.479785+00:00,@SpotifyCares Thanks! Version 8.4.22.857 armv7 on anker bluetooth speaker on Samsung Galaxy Tab A (2016) Model SM-T280 Does distance from speaker matter?
SpotifyCares,2026-04-29T18:35:41.565581+00:00,@105840 Thanks. The distance could possibly affect playback. Does logging out &gt; restarting your device &gt; logging back in make a difference? /AY
105840,2026-04-29T18:35:41.650609+00:00,"@SpotifyCares No, but I've moved speaker to about 1 metre away and it's not skipping at the mo - it was about 3 or 4 metres away before. Fingers crossed!"
SpotifyCares,2026-04-29T18:35:41.735710+00:00,"@105840 That's great to hear. If anything comes up, just let us know. We'll carry on helping out 🙂 /AY"
105840,2026-04-29T18:35:41.820203+00:00,@SpotifyCares Brilliant thanks 😊
SpotifyCares,2026-04-29T18:35:41.905842+00:00,"@105840 You're welcome! If there's anything else we can help with, just give us a shout. We're here for you 😉 /CP"
105840,2026-04-29T18:35:41.990432+00:00,@76495 @91226 Please help! Spotify Premium skipping through songs constantly on android tablet &amp; bluetooth speaker. Tried everything!
AppleSupport,2026-04-29T18:35:42.075603+00:00,@105841 We'd love to help! Please DM us and let us know any steps you've tried since experiencing these behaviors. https://t.co/GDrqU22YpT
105841,2026-04-29T18:35:42.161344+00:00,"@AppleSupport after the 11.0.2 my phone just sucks most of the apps are broken, wifi disconnects frequently #apple #ios1102 #painfulupdate"
British_Airways,2026-04-29T18:35:42.245807+00:00,"@105842 We're sorry your flight has been delayed, Beatner. Are you travelling on the BA8733? If so, the updated departure time we have is 15:30. 1/2"
105842,2026-04-29T18:35:42.330179+00:00,First flight for long time with @British_Airways. Now over one 1h delay for the short jump FRA-LCY and NO one here to provide status updates
AppleSupport,2026-04-29T18:35:42.414657+00:00,"@105843 Battery life is important, and we're here for you. DM us the iOS version your iPhone is running. We'll go from there. https://t.co/GDrqU22YpT"
105843,2026-04-29T18:35:42.500443+00:00,Okay @76099 I used my fucking phone for 2 minutes and it drains it down 8 fucking percent
AppleSupport,2026-04-29T18:35:42.585511+00:00,@105844 Thanks for reaching out to us. We are always happy to help. Send us a DM so we can look into this together. https://t.co/GDrqU22YpT
105844,2026-04-29T18:35:42.670125+00:00,"@AppleSupport Can you get my iPhone 7plus back on the old iOS please?  Battery runs out in half the time, apps now frequently crash."
AppleSupport,2026-04-29T18:35:42.754596+00:00,@105844 We'd be happy to help. Send us a DM and we can start there. https://t.co/GDrqU22YpT
105844,2026-04-29T18:35:42.839148+00:00,You’ve paralysed my phone with your update @76099 grrrrrrrrrr
O2,2026-04-29T18:35:42.923795+00:00,"@82476 🤔 We'd like to help Sam, which number is calling you? Please DM us more info so we can advise further. https://t.co/5pyLDJBC6r"
82476,2026-04-29T18:35:43.009239+00:00,"@O2 I received this a few weeks ago, since then I've been getting 2/3 calls a day from a telemarketer. Is someone using your name? https://t.co/GLtz4XHcex"
comcastcares,2026-04-29T18:35:43.093979+00:00,"@105845 I understand this is a frustrating experience, please send a DM with your account information so I can look into this matter for you. -AD"
105845,2026-04-29T18:35:43.178422+00:00,"My internet is down and xfinity talkin about 24-72 hours... y’all have the game messed up. 

@77245"
sprintcare,2026-04-29T18:35:43.263008+00:00,@105676 I understand how you frustrated this situation can be. Please follow us by sending a DM for further assistance. Sprint Cares. -AC
105676,2026-04-29T18:35:43.347610+00:00,@76803  I service last 40 min sprint can I get a refund https://t.co/wYPw9hP6wt
AppleSupport,2026-04-29T18:35:43.432036+00:00,@105846 We'd like to help. What happens when you try to listen to Apple Music &amp; use WhatsApp? Does the music pause? Let us know in DM. https://t.co/GDrqU22YpT
105846,2026-04-29T18:35:43.516556+00:00,So the new @76099 update does not let me listen to music and go on whatsapp at the same time?!?
SpotifyCares,2026-04-29T18:35:43.601706+00:00,@105847 Hi Harry! Help's here. Can you check if logging out &gt; restarting your device &gt; logging back in makes a difference? Keep us posted /MU
105847,2026-04-29T18:35:43.686761+00:00,@SpotifyCares seems to be working at this stage. Will let you know if it happens again. Cheers
SpotifyCares,2026-04-29T18:35:43.773659+00:00,@105847 Sure thing. We'll keep an eye out for your update /MU
105847,2026-04-29T18:35:43.858632+00:00,@SpotifyCares problem has come back again today. is there some kind of bug?
SpotifyCares,2026-04-29T18:35:43.944407+00:00,"@105847 Thanks for giving us a nudge about this. What device, operating system, and Spotify version is this happening on? /AY"
105847,2026-04-29T18:35:44.030229+00:00,"@SpotifyCares It's on a Macbook Air (early 2014), running High Sierra, spotify version 1.0.65.320.gac7a8e02"
SpotifyCares,2026-04-29T18:35:44.114780+00:00,@105847 Got it. Can you try the steps here for us: https://t.co/EqisDMwZAT? They should help with this. Let us know how it plays out /AY
105847,2026-04-29T18:35:44.199263+00:00,@SpotifyCares i've been having issues with playback. songs have been stopping midway through and won't restart unless i close and reopen app
AppleSupport,2026-04-29T18:35:44.285148+00:00,@105848 Let's take a look. What is the exact iOS you're using? Are you using any specific apps when noticing this? DM us your reply. https://t.co/GDrqU22YpT
105848,2026-04-29T18:35:44.369834+00:00,@AppleSupport Latest version 😡😡 I have read the help page turned off virtually all apps and location svs too - but in typing this I dropped 3% life
105848,2026-04-29T18:35:44.454440+00:00,@AppleSupport Super help - problem solved 😀 once again in love with Apple
105848,2026-04-29T18:35:44.539084+00:00,@AppleSupport #ios11update - is still killing my battery within 12 hours - phone is 10 months old - it’s a disgrace - used to get 2 days
AppleSupport,2026-04-29T18:35:44.625412+00:00,@105849 Thanks for reaching out to us. We are always happy to help. Send us a DM so we can look into this together. https://t.co/GDrqU22YpT
105849,2026-04-29T18:35:44.710319+00:00,"Took my phone off charge at 7:20am.

8:03am - 60% battery remaining.

@76099 plz I beg you, sort your battery life out😩"
SouthwestAir,2026-04-29T18:35:44.794944+00:00,"@105850 Once the points load and you hit the number, you get it immediately! You'll even receive a congrats email. Are you almost there? ^AC"
105850,2026-04-29T18:35:44.880094+00:00,@SouthwestAir I am! Thank you for the answer!!
105850,2026-04-29T18:35:44.965360+00:00,@southwestair Just curious....will I get the companion pass the exact moment I get enough points? It will I have to wait? Thanks!
AppleSupport,2026-04-29T18:35:45.049825+00:00,@105851 We'd like to provide some assistance with this. Tell us more about the issue you're experiencing in DM. We'll go from there. https://t.co/GDrqU22YpT
105851,2026-04-29T18:35:45.134258+00:00,@AppleSupport I need a new code for my I-store. I haven’t recd any but msg is too many sent. Help!
AppleSupport,2026-04-29T18:35:45.218676+00:00,"@105852 Are you experiencing an issue with your device? If so, DM us with what's going on. We'll see how we can help from there. https://t.co/GDrqU22YpT"
105852,2026-04-29T18:35:45.304375+00:00,@76099 @AppleSupport fix this update. It’s horrible
British_Airways,2026-04-29T18:35:45.388529+00:00,"@105842 I appreciate it's after 15:30 now, so hopefully you will depart very soon. We're sorry for any inconvenience the delay has caused. 2/2 ^JR"
105842,2026-04-29T18:35:45.472701+00:00,"@British_Airways Thanks for your answer. Response onsite was that Aircraft will not depart today, so rebooking to @105853 with now 4h delay..."
British_Airways,2026-04-29T18:35:45.557296+00:00,@105842 Very sorry to hear this.  We hope you get everything sorted.   Kind Regards ^Jools
Ask_Spectrum,2026-04-29T18:35:45.641896+00:00,"@105854 I am sorry for the poor experience. Can you please DM the full service address and name on the account, as we ass... https://t.co/JEZhqGdBMd"
105854,2026-04-29T18:35:45.726899+00:00,@Ask_Spectrum It's just in my yard. I've called 4-5 times in 6 weeks. I'm not a customer but it's pretty tempting. I do have some coaxial
105854,2026-04-29T18:35:45.812702+00:00,@76501 I guess this means free cable for the neighborhood. https://t.co/FBgEE9YXPm
Tesco,2026-04-29T18:35:45.897558+00:00,"@105855 Hi Thomas, if a colleague believes the person buying alcohol looks under 25, they will be challenged for ID to prove they're of age. - Paige"
105855,2026-04-29T18:35:45.983238+00:00,@Tesco Maybe hire colleagues who can see?
105855,2026-04-29T18:35:46.068406+00:00,@Tesco The point is if it's enforced they do it properly or they don't. Plus take some common-sense and think does that person look over 18?
Tesco,2026-04-29T18:35:46.153524+00:00,"@105855 Hi Thomas, this is correct but this helps our store colleagues judge age and protect them from making underage sales. Amanda"
105855,2026-04-29T18:35:46.238120+00:00,@Tesco Uk offlicense law is 18. Not 25
Tesco,2026-04-29T18:35:46.322548+00:00,"@105855 Hi Thomas, we operate a Think 25 policy at our stores. I'd be flattered to be ID'd. :-) - Helena"
105855,2026-04-29T18:35:46.407026+00:00,Got id's @Tesco for buying one Adnams Broadside. Is being blind part of the job-spec? I am 35 and 99 kilos.
Tesco,2026-04-29T18:35:46.491698+00:00,"@105856 Hi there, could you try deleting your cache and cookies and reinstalling the app if using it? This should fix the issue :) - Dani"
105856,2026-04-29T18:35:46.579080+00:00,@Tesco Will I lose all the shopping I've done if I delete the cache/cookies (not using app)?
Tesco,2026-04-29T18:35:46.663865+00:00,"@105856 Hi there, as long as you sign out of your account prior to deleting your cache &amp; cookies, you'll still have a full basket :) Thanks - Mike"
105856,2026-04-29T18:35:46.748241+00:00,@Tesco Done all that. Still telling me there are no delivery slots whatsoever.
Tesco,2026-04-29T18:35:46.832794+00:00,"@105856 Can you DM me your full name, address and email? I'd be happy to look into this further for you :) Thanks - Mike"
105856,2026-04-29T18:35:46.919296+00:00,"Hey @Tesco, your website's broken. It's telling me there are no delivery slots for the next 3 weeks, which I find slightly unlikely."
AppleSupport,2026-04-29T18:35:47.004024+00:00,@105857 Is there a particular app that seems to cause these issues more than others? What model iPhone are you using? Join us in DM. https://t.co/GDrqU22YpT
105857,2026-04-29T18:35:47.088726+00:00,@AppleSupport I have the latest version iOS. It started immediately after I updated my phone.
AppleSupport,2026-04-29T18:35:47.173760+00:00,@105857 We'd like to help if we can. When did this start happening? Which version of iOS are you running currently?
105857,2026-04-29T18:35:47.259872+00:00,My apps stop working without warning and my phone freezes every five minutes! Love the new update @76099!!!!
HPSupport,2026-04-29T18:35:47.345003+00:00,"@105858 Hi Agoura, thanks for tweeting. Please refer to this article: https://t.co/BSsgjZARTc &amp; click the link to reply back. ^Rashmi https://t.co/a2xkfCrUG1"
105858,2026-04-29T18:35:47.429470+00:00,@HPSupport Problem with printhead  Serial# TH536D1HN #hpcswus #hpprnt
UPSHelp,2026-04-29T18:35:47.514809+00:00,@105859 UPS has a service called My Choice that will allow your packages to be delivered to UPS Store. ^ML  https://t.co/BPZKndqww1 https://t.co/wKJHDXWGRQ
105859,2026-04-29T18:35:47.599321+00:00,@105860 I wish Amazon had an option of where I can just get it shipped to the ups store so I can avoid a lot of the struggle
105860,2026-04-29T18:35:47.683792+00:00,They reschedule my shit for tomorrow https://t.co/RsvZcT982t
Tesco,2026-04-29T18:35:47.768657+00:00,"@105861 Hey Sara, sorry to hear of the issues you are having, can I ask if it's the lay out or just the speed of the website responding? TY - Chris"
105861,2026-04-29T18:35:47.853703+00:00,@Tesco bit of both - finding the layout cumbersome and when removing an item from faves - getting a huge slowdown. Not keen on the thin green line https://t.co/9281OKEebk
Tesco,2026-04-29T18:35:47.938243+00:00,"@105861 If that doesn't help please DM your full name, address and email including the browser and device so we can log this. Thanks - Lee 2/2"
105834,2026-04-29T18:35:48.024417+00:00,@AppleSupport causing the reply to be disregarded and the tapped notification under the keyboard is opened😡😡😡
ChaseSupport,2026-04-29T18:35:48.110303+00:00,"@105835 Your business means a lot to us. Please DM your name, zip code and additional details about your concern. ^RR https://t.co/znUu1VJn9r"
105835,2026-04-29T18:35:48.195050+00:00,@76328 I really hope you all change but I'm sure you won't! Because you don't have to!
VirginTrains,2026-04-29T18:35:48.279873+00:00,"@105836 LiveChat is online at the moment - https://t.co/SY94VtU8Kq or contact 03331 031 031 option 1, 4, 3 (Leave a message) to request a call back"
105836,2026-04-29T18:35:48.364725+00:00,@VirginTrains see attached error message. I've tried leaving a voicemail several times in the past week https://t.co/NxVZjlYx1k
VirginTrains,2026-04-29T18:35:48.449623+00:00,"@105836 Have you tried from another device, Miriam ^MM"
105836,2026-04-29T18:35:48.534403+00:00,"@VirginTrains yep, I've tried laptop too several times over the past week and again today. I've tried different browsers too"
VirginTrains,2026-04-29T18:35:48.619618+00:00,"@105836 It's working OK from here, Miriam. Does this link help https://t.co/0m2mpH15eh ? ^MM"
105836,2026-04-29T18:35:48.704607+00:00,@VirginTrains I still haven't heard &amp; the number I'm directed to by phone is a dead end &amp; the live chat doesn't work. Can someone call me?
VirginTrains,2026-04-29T18:35:48.789640+00:00,@105836 That's what we're here for Miriam 😊  The team should send you an email shortly ^HP
AppleSupport,2026-04-29T18:35:48.875168+00:00,@105837 We can help. Which version of iOS are you on? You can find that in Settings &gt; General &gt; About. Reply in DM. https://t.co/GDrqU22YpT
105837,2026-04-29T18:35:48.959984+00:00,"@105838 @AppleSupport Me too am suffering , hope the can find a solution"
105838,2026-04-29T18:35:49.044540+00:00,"@AppleSupport hi #apple, I’ve a concern about the latest ios is too slow on #iphone6 and i am not happy with it. Any solution please?"
AppleSupport,2026-04-29T18:35:49.129348+00:00,@105839 Thanks for reaching out to us. We are always happy to help. Send us a DM so we can look into this together. https://t.co/GDrqU22YpT
105839,2026-04-29T18:35:49.213785+00:00,I just updated my phone and suddenly everything takes ages to load wtf @76099 this update sux I hate it fix it bye
SpotifyCares,2026-04-29T18:35:49.299566+00:00,"@105840 Hi there! What device is this happening on? If you could also let us know the Android and Spotify versions you're using, that'd be great /AY"
105840,2026-04-29T18:35:49.384474+00:00,@SpotifyCares Thanks! Version 8.4.22.857 armv7 on anker bluetooth speaker on Samsung Galaxy Tab A (2016) Model SM-T280 Does distance from speaker matter?
SpotifyCares,2026-04-29T18:35:49.469810+00:00,@105840 Thanks. The distance could possibly affect playback. Does logging out &gt; restarting your device &gt; logging back in make a difference? /AY
105840,2026-04-29T18:35:49.554536+00:00,"@SpotifyCares No, but I've moved speaker to about 1 metre away and it's not skipping at the mo - it was about 3 or 4 metres away before. Fingers crossed!"
SpotifyCares,2026-04-29T18:35:49.640733+00:00,"@105840 That's great to hear. If anything comes up, just let us know. We'll carry on helping out 🙂 /AY"
105840,2026-04-29T18:35:49.725647+00:00,@SpotifyCares Brilliant thanks 😊
SpotifyCares,2026-04-29T18:35:49.810382+00:00,"@105840 You're welcome! If there's anything else we can help with, just give us a shout. We're here for you 😉 /CP"
105840,2026-04-29T18:35:49.894994+00:00,@76495 @91226 Please help! Spotify Premium skipping through songs constantly on android tablet &amp; bluetooth speaker. Tried everything!
AppleSupport,2026-04-29T18:35:49.979720+00:00,@105841 We'd love to help! Please DM us and let us know any steps you've tried since experiencing these behaviors. https://t.co/GDrqU22YpT
105841,2026-04-29T18:35:50.064140+00:00,"@AppleSupport after the 11.0.2 my phone just sucks most of the apps are broken, wifi disconnects frequently #apple #ios1102 #painfulupdate"
British_Airways,2026-04-29T18:35:50.149501+00:00,"@105842 We're sorry your flight has been delayed, Beatner. Are you travelling on the BA8733? If so, the updated departure time we have is 15:30. 1/2"
105842,2026-04-29T18:35:50.234210+00:00,First flight for long time with @British_Airways. Now over one 1h delay for the short jump FRA-LCY and NO one here to provide status updates
AppleSupport,2026-04-29T18:35:50.319117+00:00,"@105843 Battery life is important, and we're here for you. DM us the iOS version your iPhone is running. We'll go from there. https://t.co/GDrqU22YpT"
105843,2026-04-29T18:35:50.403674+00:00,Okay @76099 I used my fucking phone for 2 minutes and it drains it down 8 fucking percent
AppleSupport,2026-04-29T18:35:50.488123+00:00,@105844 Thanks for reaching out to us. We are always happy to help. Send us a DM so we can look into this together. https://t.co/GDrqU22YpT
105844,2026-04-29T18:35:50.572644+00:00,"@AppleSupport Can you get my iPhone 7plus back on the old iOS please?  Battery runs out in half the time, apps now frequently crash."
AppleSupport,2026-04-29T18:35:50.657166+00:00,@105844 We'd be happy to help. Send us a DM and we can start there. https://t.co/GDrqU22YpT
105844,2026-04-29T18:35:50.741626+00:00,You’ve paralysed my phone with your update @76099 grrrrrrrrrr
O2,2026-04-29T18:35:50.826045+00:00,"@82476 🤔 We'd like to help Sam, which number is calling you? Please DM us more info so we can advise further. https://t.co/5pyLDJBC6r"
82476,2026-04-29T18:35:50.910350+00:00,"@O2 I received this a few weeks ago, since then I've been getting 2/3 calls a day from a telemarketer. Is someone using your name? https://t.co/GLtz4XHcex"
comcastcares,2026-04-29T18:35:50.994554+00:00,"@105845 I understand this is a frustrating experience, please send a DM with your account information so I can look into this matter for you. -AD"
105845,2026-04-29T18:35:51.079072+00:00,"My internet is down and xfinity talkin about 24-72 hours... y’all have the game messed up. 

@77245"
sprintcare,2026-04-29T18:35:51.164203+00:00,@105676 I understand how you frustrated this situation can be. Please follow us by sending a DM for further assistance. Sprint Cares. -AC
105676,2026-04-29T18:35:51.250471+00:00,@76803  I service last 40 min sprint can I get a refund https://t.co/wYPw9hP6wt
AppleSupport,2026-04-29T18:35:51.335444+00:00,@105846 We'd like to help. What happens when you try to listen to Apple Music &amp; use WhatsApp? Does the music pause? Let us know in DM. https://t.co/GDrqU22YpT
105846,2026-04-29T18:35:51.419805+00:00,So the new @76099 update does not let me listen to music and go on whatsapp at the same time?!?
SpotifyCares,2026-04-29T18:35:51.504340+00:00,@105847 Hi Harry! Help's here. Can you check if logging out &gt; restarting your device &gt; logging back in makes a difference? Keep us posted /MU
105847,2026-04-29T18:35:51.589105+00:00,@SpotifyCares seems to be working at this stage. Will let you know if it happens again. Cheers
SpotifyCares,2026-04-29T18:35:51.674655+00:00,@105847 Sure thing. We'll keep an eye out for your update /MU
105847,2026-04-29T18:35:51.759945+00:00,@SpotifyCares problem has come back again today. is there some kind of bug?
SpotifyCares,2026-04-29T18:35:51.844356+00:00,"@105847 Thanks for giving us a nudge about this. What device, operating system, and Spotify version is this happening on? /AY"
105847,2026-04-29T18:35:51.929106+00:00,"@SpotifyCares It's on a Macbook Air (early 2014), running High Sierra, spotify version 1.0.65.320.gac7a8e02"
SpotifyCares,2026-04-29T18:35:52.013549+00:00,@105847 Got it. Can you try the steps here for us: https://t.co/EqisDMwZAT? They should help with this. Let us know how it plays out /AY
105847,2026-04-29T18:35:52.098092+00:00,@SpotifyCares i've been having issues with playback. songs have been stopping midway through and won't restart unless i close and reopen app
AppleSupport,2026-04-29T18:35:52.182317+00:00,@105848 Let's take a look. What is the exact iOS you're using? Are you using any specific apps when noticing this? DM us your reply. https://t.co/GDrqU22YpT
105848,2026-04-29T18:35:52.266285+00:00,@AppleSupport Latest version 😡😡 I have read the help page turned off virtually all apps and location svs too - but in typing this I dropped 3% life
105848,2026-04-29T18:35:52.350353+00:00,@AppleSupport Super help - problem solved 😀 once again in love with Apple
105848,2026-04-29T18:35:52.434736+00:00,@AppleSupport #ios11update - is still killing my battery within 12 hours - phone is 10 months old - it’s a disgrace - used to get 2 days
AppleSupport,2026-04-29T18:35:52.519282+00:00,@105849 Thanks for reaching out to us. We are always happy to help. Send us a DM so we can look into this together. https://t.co/GDrqU22YpT
105849,2026-04-29T18:35:52.603723+00:00,"Took my phone off charge at 7:20am.

8:03am - 60% battery remaining.

@76099 plz I beg you, sort your battery life out😩"
SouthwestAir,2026-04-29T18:35:52.688309+00:00,"@105850 Once the points load and you hit the number, you get it immediately! You'll even receive a congrats email. Are you almost there? ^AC"
105850,2026-04-29T18:35:52.773046+00:00,@SouthwestAir I am! Thank you for the answer!!
105850,2026-04-29T18:35:52.857556+00:00,@southwestair Just curious....will I get the companion pass the exact moment I get enough points? It will I have to wait? Thanks!
AppleSupport,2026-04-29T18:35:52.941955+00:00,@105851 We'd like to provide some assistance with this. Tell us more about the issue you're experiencing in DM. We'll go from there. https://t.co/GDrqU22YpT
105851,2026-04-29T18:35:53.026299+00:00,@AppleSupport I need a new code for my I-store. I haven’t recd any but msg is too many sent. Help!
AppleSupport,2026-04-29T18:35:53.110259+00:00,"@105852 Are you experiencing an issue with your device? If so, DM us with what's going on. We'll see how we can help from there. https://t.co/GDrqU22YpT"
105852,2026-04-29T18:35:53.194548+00:00,@76099 @AppleSupport fix this update. It’s horrible
British_Airways,2026-04-29T18:35:53.279728+00:00,"@105842 I appreciate it's after 15:30 now, so hopefully you will depart very soon. We're sorry for any inconvenience the delay has caused. 2/2 ^JR"
105842,2026-04-29T18:35:53.364267+00:00,"@British_Airways Thanks for your answer. Response onsite was that Aircraft will not depart today, so rebooking to @105853 with now 4h delay..."
British_Airways,2026-04-29T18:35:53.449057+00:00,@105842 Very sorry to hear this.  We hope you get everything sorted.   Kind Regards ^Jools
Ask_Spectrum,2026-04-29T18:35:53.533732+00:00,"@105854 I am sorry for the poor experience. Can you please DM the full service address and name on the account, as we ass... https://t.co/JEZhqGdBMd"
105854,2026-04-29T18:35:53.619782+00:00,@Ask_Spectrum It's just in my yard. I've called 4-5 times in 6 weeks. I'm not a customer but it's pretty tempting. I do have some coaxial
105854,2026-04-29T18:35:53.704417+00:00,@76501 I guess this means free cable for the neighborhood. https://t.co/FBgEE9YXPm
Tesco,2026-04-29T18:35:53.789881+00:00,"@105855 Hi Thomas, if a colleague believes the person buying alcohol looks under 25, they will be challenged for ID to prove they're of age. - Paige"
105855,2026-04-29T18:35:53.874731+00:00,@Tesco Maybe hire colleagues who can see?
105855,2026-04-29T18:35:53.959673+00:00,@Tesco The point is if it's enforced they do it properly or they don't. Plus take some common-sense and think does that person look over 18?
Tesco,2026-04-29T18:35:54.044641+00:00,"@105855 Hi Thomas, this is correct but this helps our store colleagues judge age and protect them from making underage sales. Amanda"
105855,2026-04-29T18:35:54.130597+00:00,@Tesco Uk offlicense law is 18. Not 25
Tesco,2026-04-29T18:35:54.215255+00:00,"@105855 Hi Thomas, we operate a Think 25 policy at our stores. I'd be flattered to be ID'd. :-) - Helena"
105855,2026-04-29T18:35:54.299765+00:00,Got id's @Tesco for buying one Adnams Broadside. Is being blind part of the job-spec? I am 35 and 99 kilos.
Tesco,2026-04-29T18:35:54.384121+00:00,"@105856 Hi there, could you try deleting your cache and cookies and reinstalling the app if using it? This should fix the issue :) - Dani"
105856,2026-04-29T18:35:54.468488+00:00,@Tesco Will I lose all the shopping I've done if I delete the cache/cookies (not using app)?
Tesco,2026-04-29T18:35:54.553438+00:00,"@105856 Hi there, as long as you sign out of your account prior to deleting your cache &amp; cookies, you'll still have a full basket :) Thanks - Mike"
105856,2026-04-29T18:35:54.637992+00:00,@Tesco Done all that. Still telling me there are no delivery slots whatsoever.
Tesco,2026-04-29T18:35:54.722771+00:00,"@105856 Can you DM me your full name, address and email? I'd be happy to look into this further for you :) Thanks - Mike"
105856,2026-04-29T18:35:54.807597+00:00,"Hey @Tesco, your website's broken. It's telling me there are no delivery slots for the next 3 weeks, which I find slightly unlikely."
AppleSupport,2026-04-29T18:35:54.892345+00:00,@105857 Is there a particular app that seems to cause these issues more than others? What model iPhone are you using? Join us in DM. https://t.co/GDrqU22YpT
105857,2026-04-29T18:35:54.977227+00:00,@AppleSupport I have the latest version iOS. It started immediately after I updated my phone.
AppleSupport,2026-04-29T18:35:55.061842+00:00,@105857 We'd like to help if we can. When did this start happening? Which version of iOS are you running currently?
105857,2026-04-29T18:35:55.146519+00:00,My apps stop working without warning and my phone freezes every five minutes! Love the new update @76099!!!!
HPSupport,2026-04-29T18:35:55.231228+00:00,"@105858 Hi Agoura, thanks for tweeting. Please refer to this article: https://t.co/BSsgjZARTc &amp; click the link to reply back. ^Rashmi https://t.co/a2xkfCrUG1"
105858,2026-04-29T18:35:55.315750+00:00,@HPSupport Problem with printhead  Serial# TH536D1HN #hpcswus #hpprnt
UPSHelp,2026-04-29T18:35:55.400515+00:00,@105859 UPS has a service called My Choice that will allow your packages to be delivered to UPS Store. ^ML  https://t.co/BPZKndqww1 https://t.co/wKJHDXWGRQ
105859,2026-04-29T18:35:55.484646+00:00,@105860 I wish Amazon had an option of where I can just get it shipped to the ups store so I can avoid a lot of the struggle
105860,2026-04-29T18:35:55.568910+00:00,They reschedule my shit for tomorrow https://t.co/RsvZcT982t
Tesco,2026-04-29T18:35:55.654545+00:00,"@105861 Hey Sara, sorry to hear of the issues you are having, can I ask if it's the lay out or just the speed of the website responding? TY - Chris"
105861,2026-04-29T18:35:55.739574+00:00,@Tesco bit of both - finding the layout cumbersome and when removing an item from faves - getting a huge slowdown. Not keen on the thin green line https://t.co/9281OKEebk
Tesco,2026-04-29T18:35:55.824112+00:00,"@105861 If that doesn't help please DM your full name, address and email including the browser and device so we can log this. Thanks - Lee 2/2"
105834,2026-04-29T18:35:55.910274+00:00,@AppleSupport causing the reply to be disregarded and the tapped notification under the keyboard is opened😡😡😡
ChaseSupport,2026-04-29T18:35:55.995324+00:00,"@105835 Your business means a lot to us. Please DM your name, zip code and additional details about your concern. ^RR https://t.co/znUu1VJn9r"
105835,2026-04-29T18:35:56.080125+00:00,@76328 I really hope you all change but I'm sure you won't! Because you don't have to!
VirginTrains,2026-04-29T18:35:56.165776+00:00,"@105836 LiveChat is online at the moment - https://t.co/SY94VtU8Kq or contact 03331 031 031 option 1, 4, 3 (Leave a message) to request a call back"
105836,2026-04-29T18:35:56.250682+00:00,@VirginTrains see attached error message. I've tried leaving a voicemail several times in the past week https://t.co/NxVZjlYx1k
VirginTrains,2026-04-29T18:35:56.335428+00:00,"@105836 Have you tried from another device, Miriam ^MM"
105836,2026-04-29T18:35:56.420512+00:00,"@VirginTrains yep, I've tried laptop too several times over the past week and again today. I've tried different browsers too"
VirginTrains,2026-04-29T18:35:56.505434+00:00,"@105836 It's working OK from here, Miriam. Does this link help https://t.co/0m2mpH15eh ? ^MM"
105836,2026-04-29T18:35:56.590079+00:00,@VirginTrains I still haven't heard &amp; the number I'm directed to by phone is a dead end &amp; the live chat doesn't work. Can someone call me?
VirginTrains,2026-04-29T18:35:56.674529+00:00,@105836 That's what we're here for Miriam 😊  The team should send you an email shortly ^HP
AppleSupport,2026-04-29T18:35:56.759465+00:00,@105837 We can help. Which version of iOS are you on? You can find that in Settings &gt; General &gt; About. Reply in DM. https://t.co/GDrqU22YpT
105837,2026-04-29T18:35:56.844461+00:00,"@105838 @AppleSupport Me too am suffering , hope the can find a solution"
105838,2026-04-29T18:35:56.929972+00:00,"@AppleSupport hi #apple, I’ve a concern about the latest ios is too slow on #iphone6 and i am not happy with it. Any solution please?"
AppleSupport,2026-04-29T18:35:57.015558+00:00,@105839 Thanks for reaching out to us. We are always happy to help. Send us a DM so we can look into this together. https://t.co/GDrqU22YpT
105839,2026-04-29T18:35:57.100523+00:00,I just updated my phone and suddenly everything takes ages to load wtf @76099 this update sux I hate it fix it bye
SpotifyCares,2026-04-29T18:35:57.185283+00:00,"@105840 Hi there! What device is this happening on? If you could also let us know the Android and Spotify versions you're using, that'd be great /AY"
105840,2026-04-29T18:35:57.269843+00:00,@SpotifyCares Thanks! Version 8.4.22.857 armv7 on anker bluetooth speaker on Samsung Galaxy Tab A (2016) Model SM-T280 Does distance from speaker matter?
SpotifyCares,2026-04-29T18:35:57.354383+00:00,@105840 Thanks. The distance could possibly affect playback. Does logging out &gt; restarting your device &gt; logging back in make a difference? /AY
105840,2026-04-29T18:35:57.438970+00:00,"@SpotifyCares No, but I've moved speaker to about 1 metre away and it's not skipping at the mo - it was about 3 or 4 metres away before. Fingers crossed!"
SpotifyCares,2026-04-29T18:35:57.523436+00:00,"@105840 That's great to hear. If anything comes up, just let us know. We'll carry on helping out 🙂 /AY"
105840,2026-04-29T18:35:57.609582+00:00,@SpotifyCares Brilliant thanks 😊
SpotifyCares,2026-04-29T18:35:57.694439+00:00,"@105840 You're welcome! If there's anything else we can help with, just give us a shout. We're here for you 😉 /CP"
105840,2026-04-29T18:35:57.780521+00:00,@76495 @91226 Please help! Spotify Premium skipping through songs constantly on android tablet &amp; bluetooth speaker. Tried everything!
AppleSupport,2026-04-29T18:35:57.866634+00:00,@105841 We'd love to help! Please DM us and let us know any steps you've tried since experiencing these behaviors. https://t.co/GDrqU22YpT
105841,2026-04-29T18:35:57.951851+00:00,"@AppleSupport after the 11.0.2 my phone just sucks most of the apps are broken, wifi disconnects frequently #apple #ios1102 #painfulupdate"
British_Airways,2026-04-29T18:35:58.037400+00:00,"@105842 We're sorry your flight has been delayed, Beatner. Are you travelling on the BA8733? If so, the updated departure time we have is 15:30. 1/2"
105842,2026-04-29T18:35:58.121886+00:00,First flight for long time with @British_Airways. Now over one 1h delay for the short jump FRA-LCY and NO one here to provide status updates
AppleSupport,2026-04-29T18:35:58.206348+00:00,"@105843 Battery life is important, and we're here for you. DM us the iOS version your iPhone is running. We'll go from there. https://t.co/GDrqU22YpT"
105843,2026-04-29T18:35:58.290918+00:00,Okay @76099 I used my fucking phone for 2 minutes and it drains it down 8 fucking percent
AppleSupport,2026-04-29T18:35:58.375283+00:00,@105844 Thanks for reaching out to us. We are always happy to help. Send us a DM so we can look into this together. https://t.co/GDrqU22YpT
105844,2026-04-29T18:35:58.461225+00:00,"@AppleSupport Can you get my iPhone 7plus back on the old iOS please?  Battery runs out in half the time, apps now frequently crash."
AppleSupport,2026-04-29T18:35:58.546026+00:00,@105844 We'd be happy to help. Send us a DM and we can start there. https://t.co/GDrqU22YpT
105844,2026-04-29T18:35:58.630963+00:00,You’ve paralysed my phone with your update @76099 grrrrrrrrrr
O2,2026-04-29T18:35:58.716127+00:00,"@82476 🤔 We'd like to help Sam, which number is calling you? Please DM us more info so we can advise further. https://t.co/5pyLDJBC6r"
82476,2026-04-29T18:35:58.801092+00:00,"@O2 I received this a few weeks ago, since then I've been getting 2/3 calls a day from a telemarketer. Is someone using your name? https://t.co/GLtz4XHcex"
comcastcares,2026-04-29T18:35:58.885673+00:00,"@105845 I understand this is a frustrating experience, please send a DM with your account information so I can look into this matter for you. -AD"
105845,2026-04-29T18:35:58.970213+00:00,"My internet is down and xfinity talkin about 24-72 hours... y’all have the game messed up. 

@77245"
sprintcare,2026-04-29T18:35:59.055062+00:00,@105676 I understand how you frustrated this situation can be. Please follow us by sending a DM for further assistance. Sprint Cares. -AC
105676,2026-04-29T18:35:59.139988+00:00,@76803  I service last 40 min sprint can I get a refund https://t.co/wYPw9hP6wt
AppleSupport,2026-04-29T18:35:59.224675+00:00,@105846 We'd like to help. What happens when you try to listen to Apple Music &amp; use WhatsApp? Does the music pause? Let us know in DM. https://t.co/GDrqU22YpT
105846,2026-04-29T18:35:59.310933+00:00,So the new @76099 update does not let me listen to music and go on whatsapp at the same time?!?
SpotifyCares,2026-04-29T18:35:59.397046+00:00,@105847 Hi Harry! Help's here. Can you check if logging out &gt; restarting your device &gt; logging back in makes a difference? Keep us posted /MU
105847,2026-04-29T18:35:59.481744+00:00,@SpotifyCares seems to be working at this stage. Will let you know if it happens again. Cheers
SpotifyCares,2026-04-29T18:35:59.566459+00:00,@105847 Sure thing. We'll keep an eye out for your update /MU
105847,2026-04-29T18:35:59.650928+00:00,@SpotifyCares problem has come back again today. is there some kind of bug?
SpotifyCares,2026-04-29T18:35:59.735918+00:00,"@105847 Thanks for giving us a nudge about this. What device, operating system, and Spotify version is this happening on? /AY"
105847,2026-04-29T18:35:59.820549+00:00,"@SpotifyCares It's on a Macbook Air (early 2014), running High Sierra, spotify version 1.0.65.320.gac7a8e02"
SpotifyCares,2026-04-29T18:35:59.905532+00:00,@105847 Got it. Can you try the steps here for us: https://t.co/EqisDMwZAT? They should help with this. Let us know how it plays out /AY
105847,2026-04-29T18:35:59.990358+00:00,@SpotifyCares i've been having issues with playback. songs have been stopping midway through and won't restart unless i close and reopen app
